#63 div-> 12
0	0
-0.5	-1
0.5	-1
-1	-2
0	-2
1	-2
-1.5	-3
-0.5	-3
0.5	-3
1.5	-3
-2	-4
-1	-4
0	-4
1	-4
2	-4
-2.5	-5
-1.5	-5
-0.5	-5
0.5	-5
1.5	-5
2.5	-5
-3	-6
-2	-6
-1	-6
0	-6
1	-6
2	-6
3	-6
-3.5	-7
-2.5	-7
-1.5	-7
-0.5	-7
0.5	-7
1.5	-7
2.5	-7
3.5	-7
-4	-8
-3	-8
-2	-8
-1	-8
0	-8
1	-8
2	-8
3	-8
4	-8
-4.5	-9
-3.5	-9
-0.5	-9
0.5	-9
3.5	-9
4.5	-9
-5	-10
-4	-10
-3	-10
-1	-10
1	-10
3	-10
4	-10
5	-10
-5.5	-11
-4.5	-11
-3.5	-11
-2.5	-11
-1.5	-11
-0.5	-11
0.5	-11
1.5	-11
2.5	-11
3.5	-11
4.5	-11
5.5	-11
-6	-12
-4	-12
-3	-12
-2	-12
2	-12
3	-12
4	-12
6	-12
-6.5	-13
-5.5	-13
-4.5	-13
-3.5	-13
-2.5	-13
-1.5	-13
1.5	-13
2.5	-13
3.5	-13
4.5	-13
5.5	-13
6.5	-13
-7	-14
-6	-14
-5	-14
-4	-14
-3	-14
-2	-14
-1	-14
1	-14
2	-14
3	-14
4	-14
5	-14
6	-14
7	-14
-7.5	-15
-6.5	-15
-5.5	-15
-4.5	-15
-3.5	-15
-2.5	-15
-1.5	-15
-0.5	-15
0.5	-15
1.5	-15
2.5	-15
3.5	-15
4.5	-15
5.5	-15
6.5	-15
7.5	-15
-8	-16
-7	-16
-5	-16
-4	-16
-2	-16
-1	-16
0	-16
1	-16
2	-16
4	-16
5	-16
7	-16
8	-16
-8.5	-17
-7.5	-17
-6.5	-17
-5.5	-17
-4.5	-17
-3.5	-17
-2.5	-17
-1.5	-17
-0.5	-17
0.5	-17
1.5	-17
2.5	-17
3.5	-17
4.5	-17
5.5	-17
6.5	-17
7.5	-17
8.5	-17
-9	-18
-8	-18
-7	-18
-1	-18
0	-18
1	-18
7	-18
8	-18
9	-18
-9.5	-19
-8.5	-19
-7.5	-19
-6.5	-19
-1.5	-19
-0.5	-19
0.5	-19
1.5	-19
6.5	-19
7.5	-19
8.5	-19
9.5	-19
-10	-20
-9	-20
-8	-20
-6	-20
-2	-20
-1	-20
0	-20
1	-20
2	-20
6	-20
8	-20
9	-20
10	-20
-10.5	-21
-9.5	-21
-8.5	-21
-7.5	-21
-6.5	-21
-5.5	-21
-2.5	-21
-1.5	-21
1.5	-21
2.5	-21
5.5	-21
6.5	-21
7.5	-21
8.5	-21
9.5	-21
10.5	-21
-11	-22
-10	-22
-9	-22
-8	-22
-7	-22
-6	-22
-5	-22
-3	-22
-2	-22
-1	-22
1	-22
2	-22
3	-22
5	-22
6	-22
7	-22
8	-22
9	-22
10	-22
11	-22
-11.5	-23
-10.5	-23
-9.5	-23
-8.5	-23
-7.5	-23
-6.5	-23
-5.5	-23
-4.5	-23
-3.5	-23
-2.5	-23
-1.5	-23
-0.5	-23
0.5	-23
1.5	-23
2.5	-23
3.5	-23
4.5	-23
5.5	-23
6.5	-23
7.5	-23
8.5	-23
9.5	-23
10.5	-23
11.5	-23
-12	-24
-9	-24
-8	-24
-6	-24
-4	-24
-3	-24
0	-24
3	-24
4	-24
6	-24
8	-24
9	-24
12	-24
-12.5	-25
-11.5	-25
-9.5	-25
-8.5	-25
-7.5	-25
-6.5	-25
-5.5	-25
-4.5	-25
-3.5	-25
-2.5	-25
-0.5	-25
0.5	-25
2.5	-25
3.5	-25
4.5	-25
5.5	-25
6.5	-25
7.5	-25
8.5	-25
9.5	-25
11.5	-25
12.5	-25
-13	-26
-12	-26
-11	-26
-10	-26
-9	-26
-8	-26
-7	-26
-6	-26
-5	-26
-4	-26
-3	-26
-2	-26
-1	-26
0	-26
1	-26
2	-26
3	-26
4	-26
5	-26
6	-26
7	-26
8	-26
9	-26
10	-26
11	-26
12	-26
13	-26
-13.5	-27
-12.5	-27
-11.5	-27
-10.5	-27
-9.5	-27
-8.5	-27
-7.5	-27
-6.5	-27
-5.5	-27
-4.5	-27
-3.5	-27
-2.5	-27
2.5	-27
3.5	-27
4.5	-27
5.5	-27
6.5	-27
7.5	-27
8.5	-27
9.5	-27
10.5	-27
11.5	-27
12.5	-27
13.5	-27
-14	-28
-13	-28
-12	-28
-10	-28
-6	-28
-4	-28
-2	-28
2	-28
4	-28
6	-28
10	-28
12	-28
13	-28
14	-28
-14.5	-29
-13.5	-29
-12.5	-29
-11.5	-29
-10.5	-29
-9.5	-29
-6.5	-29
-5.5	-29
-4.5	-29
-3.5	-29
-2.5	-29
-1.5	-29
1.5	-29
2.5	-29
3.5	-29
4.5	-29
5.5	-29
6.5	-29
9.5	-29
10.5	-29
11.5	-29
12.5	-29
13.5	-29
14.5	-29
-15	-30
-14	-30
-13	-30
-12	-30
-11	-30
-10	-30
-9	-30
-7	-30
-6	-30
-5	-30
-3	-30
-2	-30
-1	-30
1	-30
2	-30
3	-30
5	-30
6	-30
7	-30
9	-30
10	-30
11	-30
12	-30
13	-30
14	-30
15	-30
-15.5	-31
-14.5	-31
-13.5	-31
-12.5	-31
-11.5	-31
-10.5	-31
-9.5	-31
-8.5	-31
-7.5	-31
-6.5	-31
-5.5	-31
-4.5	-31
-3.5	-31
-2.5	-31
-1.5	-31
-0.5	-31
0.5	-31
1.5	-31
2.5	-31
3.5	-31
4.5	-31
5.5	-31
6.5	-31
7.5	-31
8.5	-31
9.5	-31
10.5	-31
11.5	-31
12.5	-31
13.5	-31
14.5	-31
15.5	-31
-16	-32
-15	-32
-14	-32
-13	-32
-12	-32
-11	-32
0	-32
11	-32
12	-32
13	-32
14	-32
15	-32
16	-32
-16.5	-33
-15.5	-33
-13.5	-33
-10.5	-33
-0.5	-33
0.5	-33
10.5	-33
13.5	-33
15.5	-33
16.5	-33
-17	-34
-16	-34
-15	-34
-14	-34
-13	-34
-11	-34
-10	-34
-1	-34
1	-34
10	-34
11	-34
13	-34
14	-34
15	-34
16	-34
17	-34
-17.5	-35
-16.5	-35
-15.5	-35
-14.5	-35
-13.5	-35
-12.5	-35
-11.5	-35
-10.5	-35
-9.5	-35
-1.5	-35
-0.5	-35
0.5	-35
1.5	-35
9.5	-35
10.5	-35
11.5	-35
12.5	-35
13.5	-35
14.5	-35
15.5	-35
16.5	-35
17.5	-35
-18	-36
-16	-36
-14	-36
-9	-36
-2	-36
2	-36
9	-36
14	-36
16	-36
18	-36
-18.5	-37
-17.5	-37
-16.5	-37
-15.5	-37
-14.5	-37
-13.5	-37
-9.5	-37
-8.5	-37
-2.5	-37
-1.5	-37
1.5	-37
2.5	-37
8.5	-37
9.5	-37
13.5	-37
14.5	-37
15.5	-37
16.5	-37
17.5	-37
18.5	-37
-19	-38
-18	-38
-17	-38
-15	-38
-14	-38
-13	-38
-10	-38
-9	-38
-8	-38
-3	-38
-1	-38
1	-38
3	-38
8	-38
9	-38
10	-38
13	-38
14	-38
15	-38
17	-38
18	-38
19	-38
-19.5	-39
-18.5	-39
-17.5	-39
-16.5	-39
-15.5	-39
-14.5	-39
-13.5	-39
-12.5	-39
-10.5	-39
-7.5	-39
-3.5	-39
-2.5	-39
-1.5	-39
-0.5	-39
0.5	-39
1.5	-39
2.5	-39
3.5	-39
7.5	-39
10.5	-39
12.5	-39
13.5	-39
14.5	-39
15.5	-39
16.5	-39
17.5	-39
18.5	-39
19.5	-39
-20	-40
-19	-40
-17	-40
-16	-40
-12	-40
-11	-40
-10	-40
-8	-40
-7	-40
-4	-40
4	-40
7	-40
8	-40
10	-40
11	-40
12	-40
16	-40
17	-40
19	-40
20	-40
-20.5	-41
-19.5	-41
-18.5	-41
-17.5	-41
-16.5	-41
-15.5	-41
-12.5	-41
-11.5	-41
-10.5	-41
-9.5	-41
-8.5	-41
-7.5	-41
-6.5	-41
-4.5	-41
-3.5	-41
3.5	-41
4.5	-41
6.5	-41
7.5	-41
8.5	-41
9.5	-41
10.5	-41
11.5	-41
12.5	-41
15.5	-41
16.5	-41
17.5	-41
18.5	-41
19.5	-41
20.5	-41
-21	-42
-20	-42
-19	-42
-18	-42
-17	-42
-15	-42
-13	-42
-12	-42
-11	-42
-9	-42
-6	-42
-5	-42
-3	-42
3	-42
5	-42
6	-42
9	-42
11	-42
12	-42
13	-42
15	-42
17	-42
18	-42
19	-42
20	-42
21	-42
-21.5	-43
-20.5	-43
-19.5	-43
-18.5	-43
-17.5	-43
-16.5	-43
-15.5	-43
-14.5	-43
-13.5	-43
-12.5	-43
-11.5	-43
-10.5	-43
-9.5	-43
-8.5	-43
-6.5	-43
-5.5	-43
-4.5	-43
-3.5	-43
-2.5	-43
2.5	-43
3.5	-43
4.5	-43
5.5	-43
6.5	-43
8.5	-43
9.5	-43
10.5	-43
11.5	-43
12.5	-43
13.5	-43
14.5	-43
15.5	-43
16.5	-43
17.5	-43
18.5	-43
19.5	-43
20.5	-43
21.5	-43
-22	-44
-21	-44
-20	-44
-19	-44
-18	-44
-17	-44
-16	-44
-15	-44
-14	-44
-13	-44
-12	-44
-11	-44
-10	-44
-9	-44
-8	-44
-7	-44
-6	-44
-5	-44
-2	-44
2	-44
5	-44
6	-44
7	-44
8	-44
9	-44
10	-44
11	-44
12	-44
13	-44
14	-44
15	-44
16	-44
17	-44
18	-44
19	-44
20	-44
21	-44
22	-44
-22.5	-45
-21.5	-45
-20.5	-45
-19.5	-45
-18.5	-45
-17.5	-45
-14.5	-45
-13.5	-45
-12.5	-45
-11.5	-45
-10.5	-45
-9.5	-45
-6.5	-45
-5.5	-45
-4.5	-45
-2.5	-45
-1.5	-45
1.5	-45
2.5	-45
4.5	-45
5.5	-45
6.5	-45
9.5	-45
10.5	-45
11.5	-45
12.5	-45
13.5	-45
14.5	-45
17.5	-45
18.5	-45
19.5	-45
20.5	-45
21.5	-45
22.5	-45
-23	-46
-22	-46
-21	-46
-19	-46
-18	-46
-17	-46
-15	-46
-14	-46
-13	-46
-11	-46
-10	-46
-9	-46
-7	-46
-5	-46
-4	-46
-3	-46
-1	-46
1	-46
3	-46
4	-46
5	-46
7	-46
9	-46
10	-46
11	-46
13	-46
14	-46
15	-46
17	-46
18	-46
19	-46
21	-46
22	-46
23	-46
-23.5	-47
-22.5	-47
-21.5	-47
-20.5	-47
-19.5	-47
-18.5	-47
-17.5	-47
-16.5	-47
-15.5	-47
-14.5	-47
-13.5	-47
-12.5	-47
-11.5	-47
-10.5	-47
-9.5	-47
-8.5	-47
-7.5	-47
-6.5	-47
-5.5	-47
-4.5	-47
-3.5	-47
-2.5	-47
-1.5	-47
-0.5	-47
0.5	-47
1.5	-47
2.5	-47
3.5	-47
4.5	-47
5.5	-47
6.5	-47
7.5	-47
8.5	-47
9.5	-47
10.5	-47
11.5	-47
12.5	-47
13.5	-47
14.5	-47
15.5	-47
16.5	-47
17.5	-47
18.5	-47
19.5	-47
20.5	-47
21.5	-47
22.5	-47
23.5	-47
-24	-48
-21	-48
-16	-48
-15	-48
-12	-48
-8	-48
-6	-48
-3	-48
3	-48
6	-48
8	-48
12	-48
15	-48
16	-48
21	-48
24	-48
-24.5	-49
-23.5	-49
-21.5	-49
-20.5	-49
-16.5	-49
-15.5	-49
-14.5	-49
-12.5	-49
-11.5	-49
-8.5	-49
-7.5	-49
-6.5	-49
-5.5	-49
-3.5	-49
-2.5	-49
2.5	-49
3.5	-49
5.5	-49
6.5	-49
7.5	-49
8.5	-49
11.5	-49
12.5	-49
14.5	-49
15.5	-49
16.5	-49
20.5	-49
21.5	-49
23.5	-49
24.5	-49
-25	-50
-24	-50
-23	-50
-22	-50
-21	-50
-20	-50
-17	-50
-16	-50
-15	-50
-14	-50
-13	-50
-12	-50
-11	-50
-9	-50
-8	-50
-7	-50
-6	-50
-5	-50
-4	-50
-3	-50
-2	-50
2	-50
3	-50
4	-50
5	-50
6	-50
7	-50
8	-50
9	-50
11	-50
12	-50
13	-50
14	-50
15	-50
16	-50
17	-50
20	-50
21	-50
22	-50
23	-50
24	-50
25	-50
-25.5	-51
-24.5	-51
-23.5	-51
-22.5	-51
-19.5	-51
-17.5	-51
-16.5	-51
-15.5	-51
-14.5	-51
-13.5	-51
-10.5	-51
-9.5	-51
-8.5	-51
-7.5	-51
-6.5	-51
-4.5	-51
-1.5	-51
1.5	-51
4.5	-51
6.5	-51
7.5	-51
8.5	-51
9.5	-51
10.5	-51
13.5	-51
14.5	-51
15.5	-51
16.5	-51
17.5	-51
19.5	-51
22.5	-51
23.5	-51
24.5	-51
25.5	-51
-26	-52
-25	-52
-24	-52
-23	-52
-22	-52
-20	-52
-19	-52
-18	-52
-17	-52
-16	-52
-14	-52
-13	-52
-11	-52
-10	-52
-8	-52
-7	-52
-6	-52
-5	-52
-4	-52
-2	-52
-1	-52
1	-52
2	-52
4	-52
5	-52
6	-52
7	-52
8	-52
10	-52
11	-52
13	-52
14	-52
16	-52
17	-52
18	-52
19	-52
20	-52
22	-52
23	-52
24	-52
25	-52
26	-52
-26.5	-53
-25.5	-53
-24.5	-53
-23.5	-53
-22.5	-53
-21.5	-53
-20.5	-53
-19.5	-53
-18.5	-53
-17.5	-53
-16.5	-53
-15.5	-53
-14.5	-53
-13.5	-53
-12.5	-53
-11.5	-53
-10.5	-53
-9.5	-53
-8.5	-53
-7.5	-53
-6.5	-53
-5.5	-53
-4.5	-53
-3.5	-53
-2.5	-53
-1.5	-53
-0.5	-53
0.5	-53
1.5	-53
2.5	-53
3.5	-53
4.5	-53
5.5	-53
6.5	-53
7.5	-53
8.5	-53
9.5	-53
10.5	-53
11.5	-53
12.5	-53
13.5	-53
14.5	-53
15.5	-53
16.5	-53
17.5	-53
18.5	-53
19.5	-53
20.5	-53
21.5	-53
22.5	-53
23.5	-53
24.5	-53
25.5	-53
26.5	-53
-27	-54
-26	-54
-25	-54
-23	-54
-22	-54
-21	-54
-19	-54
-17	-54
-15	-54
-13	-54
-11	-54
-10	-54
-9	-54
-7	-54
-6	-54
-5	-54
0	-54
5	-54
6	-54
7	-54
9	-54
10	-54
11	-54
13	-54
15	-54
17	-54
19	-54
21	-54
22	-54
23	-54
25	-54
26	-54
27	-54
-27.5	-55
-26.5	-55
-25.5	-55
-24.5	-55
-23.5	-55
-22.5	-55
-21.5	-55
-20.5	-55
-19.5	-55
-18.5	-55
-17.5	-55
-16.5	-55
-15.5	-55
-14.5	-55
-13.5	-55
-12.5	-55
-11.5	-55
-10.5	-55
-9.5	-55
-8.5	-55
-7.5	-55
-6.5	-55
-5.5	-55
-4.5	-55
-0.5	-55
0.5	-55
4.5	-55
5.5	-55
6.5	-55
7.5	-55
8.5	-55
9.5	-55
10.5	-55
11.5	-55
12.5	-55
13.5	-55
14.5	-55
15.5	-55
16.5	-55
17.5	-55
18.5	-55
19.5	-55
20.5	-55
21.5	-55
22.5	-55
23.5	-55
24.5	-55
25.5	-55
26.5	-55
27.5	-55
-28	-56
-27	-56
-26	-56
-24	-56
-20	-56
-12	-56
-8	-56
-4	-56
-1	-56
0	-56
1	-56
4	-56
8	-56
12	-56
20	-56
24	-56
26	-56
27	-56
28	-56
-28.5	-57
-27.5	-57
-25.5	-57
-24.5	-57
-23.5	-57
-20.5	-57
-19.5	-57
-12.5	-57
-11.5	-57
-8.5	-57
-7.5	-57
-4.5	-57
-3.5	-57
-1.5	-57
1.5	-57
3.5	-57
4.5	-57
7.5	-57
8.5	-57
11.5	-57
12.5	-57
19.5	-57
20.5	-57
23.5	-57
24.5	-57
25.5	-57
27.5	-57
28.5	-57
-29	-58
-28	-58
-27	-58
-26	-58
-25	-58
-23	-58
-21	-58
-20	-58
-19	-58
-13	-58
-12	-58
-11	-58
-9	-58
-7	-58
-5	-58
-4	-58
-3	-58
-2	-58
-1	-58
1	-58
2	-58
3	-58
4	-58
5	-58
7	-58
9	-58
11	-58
12	-58
13	-58
19	-58
20	-58
21	-58
23	-58
25	-58
26	-58
27	-58
28	-58
29	-58
-29.5	-59
-28.5	-59
-27.5	-59
-26.5	-59
-25.5	-59
-24.5	-59
-23.5	-59
-22.5	-59
-21.5	-59
-20.5	-59
-19.5	-59
-18.5	-59
-13.5	-59
-12.5	-59
-11.5	-59
-10.5	-59
-9.5	-59
-8.5	-59
-7.5	-59
-6.5	-59
-5.5	-59
-4.5	-59
-3.5	-59
-2.5	-59
-1.5	-59
-0.5	-59
0.5	-59
1.5	-59
2.5	-59
3.5	-59
4.5	-59
5.5	-59
6.5	-59
7.5	-59
8.5	-59
9.5	-59
10.5	-59
11.5	-59
12.5	-59
13.5	-59
18.5	-59
19.5	-59
20.5	-59
21.5	-59
22.5	-59
23.5	-59
24.5	-59
25.5	-59
26.5	-59
27.5	-59
28.5	-59
29.5	-59
-30	-60
-28	-60
-27	-60
-26	-60
-24	-60
-22	-60
-20	-60
-18	-60
-14	-60
-12	-60
-10	-60
-6	-60
-4	-60
-3	-60
-2	-60
0	-60
2	-60
3	-60
4	-60
6	-60
10	-60
12	-60
14	-60
18	-60
20	-60
22	-60
24	-60
26	-60
27	-60
28	-60
30	-60
-30.5	-61
-29.5	-61
-28.5	-61
-27.5	-61
-26.5	-61
-25.5	-61
-24.5	-61
-23.5	-61
-22.5	-61
-21.5	-61
-20.5	-61
-19.5	-61
-18.5	-61
-17.5	-61
-14.5	-61
-13.5	-61
-12.5	-61
-11.5	-61
-10.5	-61
-9.5	-61
-6.5	-61
-5.5	-61
-4.5	-61
-3.5	-61
-2.5	-61
-1.5	-61
-0.5	-61
0.5	-61
1.5	-61
2.5	-61
3.5	-61
4.5	-61
5.5	-61
6.5	-61
9.5	-61
10.5	-61
11.5	-61
12.5	-61
13.5	-61
14.5	-61
17.5	-61
18.5	-61
19.5	-61
20.5	-61
21.5	-61
22.5	-61
23.5	-61
24.5	-61
25.5	-61
26.5	-61
27.5	-61
28.5	-61
29.5	-61
30.5	-61
-31	-62
-30	-62
-29	-62
-28	-62
-27	-62
-26	-62
-25	-62
-24	-62
-23	-62
-22	-62
-21	-62
-19	-62
-18	-62
-17	-62
-15	-62
-14	-62
-13	-62
-11	-62
-10	-62
-9	-62
-7	-62
-6	-62
-5	-62
-4	-62
-3	-62
-2	-62
-1	-62
0	-62
1	-62
2	-62
3	-62
4	-62
5	-62
6	-62
7	-62
9	-62
10	-62
11	-62
13	-62
14	-62
15	-62
17	-62
18	-62
19	-62
21	-62
22	-62
23	-62
24	-62
25	-62
26	-62
27	-62
28	-62
29	-62
30	-62
31	-62
-31.5	-63
-30.5	-63
-29.5	-63
-28.5	-63
-27.5	-63
-26.5	-63
-25.5	-63
-24.5	-63
-23.5	-63
-22.5	-63
-21.5	-63
-20.5	-63
-19.5	-63
-18.5	-63
-17.5	-63
-16.5	-63
-15.5	-63
-14.5	-63
-13.5	-63
-12.5	-63
-11.5	-63
-10.5	-63
-9.5	-63
-8.5	-63
-7.5	-63
-6.5	-63
-5.5	-63
-4.5	-63
-3.5	-63
-2.5	-63
-1.5	-63
-0.5	-63
0.5	-63
1.5	-63
2.5	-63
3.5	-63
4.5	-63
5.5	-63
6.5	-63
7.5	-63
8.5	-63
9.5	-63
10.5	-63
11.5	-63
12.5	-63
13.5	-63
14.5	-63
15.5	-63
16.5	-63
17.5	-63
18.5	-63
19.5	-63
20.5	-63
21.5	-63
22.5	-63
23.5	-63
24.5	-63
25.5	-63
26.5	-63
27.5	-63
28.5	-63
29.5	-63
30.5	-63
31.5	-63
