#191 div-> 4
0	0
-0.5	-1
0.5	-1
-1	-2
0	-2
1	-2
-1.5	-3
-0.5	-3
0.5	-3
1.5	-3
-2	-4
0	-4
2	-4
-2.5	-5
-1.5	-5
-0.5	-5
0.5	-5
1.5	-5
2.5	-5
-3	-6
-2	-6
-1	-6
1	-6
2	-6
3	-6
-3.5	-7
-2.5	-7
-1.5	-7
-0.5	-7
0.5	-7
1.5	-7
2.5	-7
3.5	-7
-4	-8
0	-8
4	-8
-4.5	-9
-3.5	-9
-0.5	-9
0.5	-9
3.5	-9
4.5	-9
-5	-10
-4	-10
-3	-10
-1	-10
1	-10
3	-10
4	-10
5	-10
-5.5	-11
-4.5	-11
-3.5	-11
-2.5	-11
-1.5	-11
-0.5	-11
0.5	-11
1.5	-11
2.5	-11
3.5	-11
4.5	-11
5.5	-11
-6	-12
-4	-12
-2	-12
2	-12
4	-12
6	-12
-6.5	-13
-5.5	-13
-4.5	-13
-3.5	-13
-2.5	-13
-1.5	-13
1.5	-13
2.5	-13
3.5	-13
4.5	-13
5.5	-13
6.5	-13
-7	-14
-6	-14
-5	-14
-3	-14
-2	-14
-1	-14
1	-14
2	-14
3	-14
5	-14
6	-14
7	-14
-7.5	-15
-6.5	-15
-5.5	-15
-4.5	-15
-3.5	-15
-2.5	-15
-1.5	-15
-0.5	-15
0.5	-15
1.5	-15
2.5	-15
3.5	-15
4.5	-15
5.5	-15
6.5	-15
7.5	-15
-8	-16
0	-16
8	-16
-8.5	-17
-7.5	-17
-0.5	-17
0.5	-17
7.5	-17
8.5	-17
-9	-18
-8	-18
-7	-18
-1	-18
1	-18
7	-18
8	-18
9	-18
-9.5	-19
-8.5	-19
-7.5	-19
-6.5	-19
-1.5	-19
-0.5	-19
0.5	-19
1.5	-19
6.5	-19
7.5	-19
8.5	-19
9.5	-19
-10	-20
-8	-20
-6	-20
-2	-20
2	-20
6	-20
8	-20
10	-20
-10.5	-21
-9.5	-21
-8.5	-21
-7.5	-21
-6.5	-21
-5.5	-21
-2.5	-21
-1.5	-21
1.5	-21
2.5	-21
5.5	-21
6.5	-21
7.5	-21
8.5	-21
9.5	-21
10.5	-21
-11	-22
-10	-22
-9	-22
-7	-22
-6	-22
-5	-22
-3	-22
-1	-22
1	-22
3	-22
5	-22
6	-22
7	-22
9	-22
10	-22
11	-22
-11.5	-23
-10.5	-23
-9.5	-23
-8.5	-23
-7.5	-23
-6.5	-23
-5.5	-23
-4.5	-23
-3.5	-23
-2.5	-23
-1.5	-23
-0.5	-23
0.5	-23
1.5	-23
2.5	-23
3.5	-23
4.5	-23
5.5	-23
6.5	-23
7.5	-23
8.5	-23
9.5	-23
10.5	-23
11.5	-23
-12	-24
-8	-24
-4	-24
4	-24
8	-24
12	-24
-12.5	-25
-11.5	-25
-8.5	-25
-7.5	-25
-4.5	-25
-3.5	-25
3.5	-25
4.5	-25
7.5	-25
8.5	-25
11.5	-25
12.5	-25
-13	-26
-12	-26
-11	-26
-9	-26
-7	-26
-5	-26
-4	-26
-3	-26
3	-26
4	-26
5	-26
7	-26
9	-26
11	-26
12	-26
13	-26
-13.5	-27
-12.5	-27
-11.5	-27
-10.5	-27
-9.5	-27
-8.5	-27
-7.5	-27
-6.5	-27
-5.5	-27
-4.5	-27
-3.5	-27
-2.5	-27
2.5	-27
3.5	-27
4.5	-27
5.5	-27
6.5	-27
7.5	-27
8.5	-27
9.5	-27
10.5	-27
11.5	-27
12.5	-27
13.5	-27
-14	-28
-12	-28
-10	-28
-6	-28
-4	-28
-2	-28
2	-28
4	-28
6	-28
10	-28
12	-28
14	-28
-14.5	-29
-13.5	-29
-12.5	-29
-11.5	-29
-10.5	-29
-9.5	-29
-6.5	-29
-5.5	-29
-4.5	-29
-3.5	-29
-2.5	-29
-1.5	-29
1.5	-29
2.5	-29
3.5	-29
4.5	-29
5.5	-29
6.5	-29
9.5	-29
10.5	-29
11.5	-29
12.5	-29
13.5	-29
14.5	-29
-15	-30
-14	-30
-13	-30
-11	-30
-10	-30
-9	-30
-7	-30
-6	-30
-5	-30
-3	-30
-2	-30
-1	-30
1	-30
2	-30
3	-30
5	-30
6	-30
7	-30
9	-30
10	-30
11	-30
13	-30
14	-30
15	-30
-15.5	-31
-14.5	-31
-13.5	-31
-12.5	-31
-11.5	-31
-10.5	-31
-9.5	-31
-8.5	-31
-7.5	-31
-6.5	-31
-5.5	-31
-4.5	-31
-3.5	-31
-2.5	-31
-1.5	-31
-0.5	-31
0.5	-31
1.5	-31
2.5	-31
3.5	-31
4.5	-31
5.5	-31
6.5	-31
7.5	-31
8.5	-31
9.5	-31
10.5	-31
11.5	-31
12.5	-31
13.5	-31
14.5	-31
15.5	-31
-16	-32
0	-32
16	-32
-16.5	-33
-15.5	-33
-0.5	-33
0.5	-33
15.5	-33
16.5	-33
-17	-34
-16	-34
-15	-34
-1	-34
1	-34
15	-34
16	-34
17	-34
-17.5	-35
-16.5	-35
-15.5	-35
-14.5	-35
-1.5	-35
-0.5	-35
0.5	-35
1.5	-35
14.5	-35
15.5	-35
16.5	-35
17.5	-35
-18	-36
-16	-36
-14	-36
-2	-36
2	-36
14	-36
16	-36
18	-36
-18.5	-37
-17.5	-37
-16.5	-37
-15.5	-37
-14.5	-37
-13.5	-37
-2.5	-37
-1.5	-37
1.5	-37
2.5	-37
13.5	-37
14.5	-37
15.5	-37
16.5	-37
17.5	-37
18.5	-37
-19	-38
-18	-38
-17	-38
-15	-38
-14	-38
-13	-38
-3	-38
-1	-38
1	-38
3	-38
13	-38
14	-38
15	-38
17	-38
18	-38
19	-38
-19.5	-39
-18.5	-39
-17.5	-39
-16.5	-39
-15.5	-39
-14.5	-39
-13.5	-39
-12.5	-39
-3.5	-39
-2.5	-39
-1.5	-39
-0.5	-39
0.5	-39
1.5	-39
2.5	-39
3.5	-39
12.5	-39
13.5	-39
14.5	-39
15.5	-39
16.5	-39
17.5	-39
18.5	-39
19.5	-39
-20	-40
-16	-40
-12	-40
-4	-40
4	-40
12	-40
16	-40
20	-40
-20.5	-41
-19.5	-41
-16.5	-41
-15.5	-41
-12.5	-41
-11.5	-41
-4.5	-41
-3.5	-41
3.5	-41
4.5	-41
11.5	-41
12.5	-41
15.5	-41
16.5	-41
19.5	-41
20.5	-41
-21	-42
-20	-42
-19	-42
-17	-42
-15	-42
-13	-42
-12	-42
-11	-42
-5	-42
-3	-42
3	-42
5	-42
11	-42
12	-42
13	-42
15	-42
17	-42
19	-42
20	-42
21	-42
-21.5	-43
-20.5	-43
-19.5	-43
-18.5	-43
-17.5	-43
-16.5	-43
-15.5	-43
-14.5	-43
-13.5	-43
-12.5	-43
-11.5	-43
-10.5	-43
-5.5	-43
-4.5	-43
-3.5	-43
-2.5	-43
2.5	-43
3.5	-43
4.5	-43
5.5	-43
10.5	-43
11.5	-43
12.5	-43
13.5	-43
14.5	-43
15.5	-43
16.5	-43
17.5	-43
18.5	-43
19.5	-43
20.5	-43
21.5	-43
-22	-44
-20	-44
-18	-44
-14	-44
-12	-44
-10	-44
-6	-44
-2	-44
2	-44
6	-44
10	-44
12	-44
14	-44
18	-44
20	-44
22	-44
-22.5	-45
-21.5	-45
-20.5	-45
-19.5	-45
-18.5	-45
-17.5	-45
-14.5	-45
-13.5	-45
-12.5	-45
-11.5	-45
-10.5	-45
-9.5	-45
-6.5	-45
-5.5	-45
-2.5	-45
-1.5	-45
1.5	-45
2.5	-45
5.5	-45
6.5	-45
9.5	-45
10.5	-45
11.5	-45
12.5	-45
13.5	-45
14.5	-45
17.5	-45
18.5	-45
19.5	-45
20.5	-45
21.5	-45
22.5	-45
-23	-46
-22	-46
-21	-46
-19	-46
-18	-46
-17	-46
-15	-46
-14	-46
-13	-46
-11	-46
-10	-46
-9	-46
-7	-46
-5	-46
-3	-46
-1	-46
1	-46
3	-46
5	-46
7	-46
9	-46
10	-46
11	-46
13	-46
14	-46
15	-46
17	-46
18	-46
19	-46
21	-46
22	-46
23	-46
-23.5	-47
-22.5	-47
-21.5	-47
-20.5	-47
-19.5	-47
-18.5	-47
-17.5	-47
-16.5	-47
-15.5	-47
-14.5	-47
-13.5	-47
-12.5	-47
-11.5	-47
-10.5	-47
-9.5	-47
-8.5	-47
-7.5	-47
-6.5	-47
-5.5	-47
-4.5	-47
-3.5	-47
-2.5	-47
-1.5	-47
-0.5	-47
0.5	-47
1.5	-47
2.5	-47
3.5	-47
4.5	-47
5.5	-47
6.5	-47
7.5	-47
8.5	-47
9.5	-47
10.5	-47
11.5	-47
12.5	-47
13.5	-47
14.5	-47
15.5	-47
16.5	-47
17.5	-47
18.5	-47
19.5	-47
20.5	-47
21.5	-47
22.5	-47
23.5	-47
-24	-48
-16	-48
-8	-48
8	-48
16	-48
24	-48
-24.5	-49
-23.5	-49
-16.5	-49
-15.5	-49
-8.5	-49
-7.5	-49
7.5	-49
8.5	-49
15.5	-49
16.5	-49
23.5	-49
24.5	-49
-25	-50
-24	-50
-23	-50
-17	-50
-15	-50
-9	-50
-8	-50
-7	-50
7	-50
8	-50
9	-50
15	-50
17	-50
23	-50
24	-50
25	-50
-25.5	-51
-24.5	-51
-23.5	-51
-22.5	-51
-17.5	-51
-16.5	-51
-15.5	-51
-14.5	-51
-9.5	-51
-8.5	-51
-7.5	-51
-6.5	-51
6.5	-51
7.5	-51
8.5	-51
9.5	-51
14.5	-51
15.5	-51
16.5	-51
17.5	-51
22.5	-51
23.5	-51
24.5	-51
25.5	-51
-26	-52
-24	-52
-22	-52
-18	-52
-14	-52
-10	-52
-8	-52
-6	-52
6	-52
8	-52
10	-52
14	-52
18	-52
22	-52
24	-52
26	-52
-26.5	-53
-25.5	-53
-24.5	-53
-23.5	-53
-22.5	-53
-21.5	-53
-18.5	-53
-17.5	-53
-14.5	-53
-13.5	-53
-10.5	-53
-9.5	-53
-8.5	-53
-7.5	-53
-6.5	-53
-5.5	-53
5.5	-53
6.5	-53
7.5	-53
8.5	-53
9.5	-53
10.5	-53
13.5	-53
14.5	-53
17.5	-53
18.5	-53
21.5	-53
22.5	-53
23.5	-53
24.5	-53
25.5	-53
26.5	-53
-27	-54
-26	-54
-25	-54
-23	-54
-22	-54
-21	-54
-19	-54
-17	-54
-15	-54
-13	-54
-11	-54
-10	-54
-9	-54
-7	-54
-6	-54
-5	-54
5	-54
6	-54
7	-54
9	-54
10	-54
11	-54
13	-54
15	-54
17	-54
19	-54
21	-54
22	-54
23	-54
25	-54
26	-54
27	-54
-27.5	-55
-26.5	-55
-25.5	-55
-24.5	-55
-23.5	-55
-22.5	-55
-21.5	-55
-20.5	-55
-19.5	-55
-18.5	-55
-17.5	-55
-16.5	-55
-15.5	-55
-14.5	-55
-13.5	-55
-12.5	-55
-11.5	-55
-10.5	-55
-9.5	-55
-8.5	-55
-7.5	-55
-6.5	-55
-5.5	-55
-4.5	-55
4.5	-55
5.5	-55
6.5	-55
7.5	-55
8.5	-55
9.5	-55
10.5	-55
11.5	-55
12.5	-55
13.5	-55
14.5	-55
15.5	-55
16.5	-55
17.5	-55
18.5	-55
19.5	-55
20.5	-55
21.5	-55
22.5	-55
23.5	-55
24.5	-55
25.5	-55
26.5	-55
27.5	-55
-28	-56
-24	-56
-20	-56
-12	-56
-8	-56
-4	-56
4	-56
8	-56
12	-56
20	-56
24	-56
28	-56
-28.5	-57
-27.5	-57
-24.5	-57
-23.5	-57
-20.5	-57
-19.5	-57
-12.5	-57
-11.5	-57
-8.5	-57
-7.5	-57
-4.5	-57
-3.5	-57
3.5	-57
4.5	-57
7.5	-57
8.5	-57
11.5	-57
12.5	-57
19.5	-57
20.5	-57
23.5	-57
24.5	-57
27.5	-57
28.5	-57
-29	-58
-28	-58
-27	-58
-25	-58
-23	-58
-21	-58
-20	-58
-19	-58
-13	-58
-12	-58
-11	-58
-9	-58
-7	-58
-5	-58
-4	-58
-3	-58
3	-58
4	-58
5	-58
7	-58
9	-58
11	-58
12	-58
13	-58
19	-58
20	-58
21	-58
23	-58
25	-58
27	-58
28	-58
29	-58
-29.5	-59
-28.5	-59
-27.5	-59
-26.5	-59
-25.5	-59
-24.5	-59
-23.5	-59
-22.5	-59
-21.5	-59
-20.5	-59
-19.5	-59
-18.5	-59
-13.5	-59
-12.5	-59
-11.5	-59
-10.5	-59
-9.5	-59
-8.5	-59
-7.5	-59
-6.5	-59
-5.5	-59
-4.5	-59
-3.5	-59
-2.5	-59
2.5	-59
3.5	-59
4.5	-59
5.5	-59
6.5	-59
7.5	-59
8.5	-59
9.5	-59
10.5	-59
11.5	-59
12.5	-59
13.5	-59
18.5	-59
19.5	-59
20.5	-59
21.5	-59
22.5	-59
23.5	-59
24.5	-59
25.5	-59
26.5	-59
27.5	-59
28.5	-59
29.5	-59
-30	-60
-28	-60
-26	-60
-22	-60
-20	-60
-18	-60
-14	-60
-12	-60
-10	-60
-6	-60
-4	-60
-2	-60
2	-60
4	-60
6	-60
10	-60
12	-60
14	-60
18	-60
20	-60
22	-60
26	-60
28	-60
30	-60
-30.5	-61
-29.5	-61
-28.5	-61
-27.5	-61
-26.5	-61
-25.5	-61
-22.5	-61
-21.5	-61
-20.5	-61
-19.5	-61
-18.5	-61
-17.5	-61
-14.5	-61
-13.5	-61
-12.5	-61
-11.5	-61
-10.5	-61
-9.5	-61
-6.5	-61
-5.5	-61
-4.5	-61
-3.5	-61
-2.5	-61
-1.5	-61
1.5	-61
2.5	-61
3.5	-61
4.5	-61
5.5	-61
6.5	-61
9.5	-61
10.5	-61
11.5	-61
12.5	-61
13.5	-61
14.5	-61
17.5	-61
18.5	-61
19.5	-61
20.5	-61
21.5	-61
22.5	-61
25.5	-61
26.5	-61
27.5	-61
28.5	-61
29.5	-61
30.5	-61
-31	-62
-30	-62
-29	-62
-27	-62
-26	-62
-25	-62
-23	-62
-22	-62
-21	-62
-19	-62
-18	-62
-17	-62
-15	-62
-14	-62
-13	-62
-11	-62
-10	-62
-9	-62
-7	-62
-6	-62
-5	-62
-3	-62
-2	-62
-1	-62
1	-62
2	-62
3	-62
5	-62
6	-62
7	-62
9	-62
10	-62
11	-62
13	-62
14	-62
15	-62
17	-62
18	-62
19	-62
21	-62
22	-62
23	-62
25	-62
26	-62
27	-62
29	-62
30	-62
31	-62
-31.5	-63
-30.5	-63
-29.5	-63
-28.5	-63
-27.5	-63
-26.5	-63
-25.5	-63
-24.5	-63
-23.5	-63
-22.5	-63
-21.5	-63
-20.5	-63
-19.5	-63
-18.5	-63
-17.5	-63
-16.5	-63
-15.5	-63
-14.5	-63
-13.5	-63
-12.5	-63
-11.5	-63
-10.5	-63
-9.5	-63
-8.5	-63
-7.5	-63
-6.5	-63
-5.5	-63
-4.5	-63
-3.5	-63
-2.5	-63
-1.5	-63
-0.5	-63
0.5	-63
1.5	-63
2.5	-63
3.5	-63
4.5	-63
5.5	-63
6.5	-63
7.5	-63
8.5	-63
9.5	-63
10.5	-63
11.5	-63
12.5	-63
13.5	-63
14.5	-63
15.5	-63
16.5	-63
17.5	-63
18.5	-63
19.5	-63
20.5	-63
21.5	-63
22.5	-63
23.5	-63
24.5	-63
25.5	-63
26.5	-63
27.5	-63
28.5	-63
29.5	-63
30.5	-63
31.5	-63
-32	-64
0	-64
32	-64
-32.5	-65
-31.5	-65
-0.5	-65
0.5	-65
31.5	-65
32.5	-65
-33	-66
-32	-66
-31	-66
-1	-66
1	-66
31	-66
32	-66
33	-66
-33.5	-67
-32.5	-67
-31.5	-67
-30.5	-67
-1.5	-67
-0.5	-67
0.5	-67
1.5	-67
30.5	-67
31.5	-67
32.5	-67
33.5	-67
-34	-68
-32	-68
-30	-68
-2	-68
2	-68
30	-68
32	-68
34	-68
-34.5	-69
-33.5	-69
-32.5	-69
-31.5	-69
-30.5	-69
-29.5	-69
-2.5	-69
-1.5	-69
1.5	-69
2.5	-69
29.5	-69
30.5	-69
31.5	-69
32.5	-69
33.5	-69
34.5	-69
-35	-70
-34	-70
-33	-70
-31	-70
-30	-70
-29	-70
-3	-70
-1	-70
1	-70
3	-70
29	-70
30	-70
31	-70
33	-70
34	-70
35	-70
-35.5	-71
-34.5	-71
-33.5	-71
-32.5	-71
-31.5	-71
-30.5	-71
-29.5	-71
-28.5	-71
-3.5	-71
-2.5	-71
-1.5	-71
-0.5	-71
0.5	-71
1.5	-71
2.5	-71
3.5	-71
28.5	-71
29.5	-71
30.5	-71
31.5	-71
32.5	-71
33.5	-71
34.5	-71
35.5	-71
-36	-72
-32	-72
-28	-72
-4	-72
4	-72
28	-72
32	-72
36	-72
-36.5	-73
-35.5	-73
-32.5	-73
-31.5	-73
-28.5	-73
-27.5	-73
-4.5	-73
-3.5	-73
3.5	-73
4.5	-73
27.5	-73
28.5	-73
31.5	-73
32.5	-73
35.5	-73
36.5	-73
-37	-74
-36	-74
-35	-74
-33	-74
-31	-74
-29	-74
-28	-74
-27	-74
-5	-74
-3	-74
3	-74
5	-74
27	-74
28	-74
29	-74
31	-74
33	-74
35	-74
36	-74
37	-74
-37.5	-75
-36.5	-75
-35.5	-75
-34.5	-75
-33.5	-75
-32.5	-75
-31.5	-75
-30.5	-75
-29.5	-75
-28.5	-75
-27.5	-75
-26.5	-75
-5.5	-75
-4.5	-75
-3.5	-75
-2.5	-75
2.5	-75
3.5	-75
4.5	-75
5.5	-75
26.5	-75
27.5	-75
28.5	-75
29.5	-75
30.5	-75
31.5	-75
32.5	-75
33.5	-75
34.5	-75
35.5	-75
36.5	-75
37.5	-75
-38	-76
-36	-76
-34	-76
-30	-76
-28	-76
-26	-76
-6	-76
-2	-76
2	-76
6	-76
26	-76
28	-76
30	-76
34	-76
36	-76
38	-76
-38.5	-77
-37.5	-77
-36.5	-77
-35.5	-77
-34.5	-77
-33.5	-77
-30.5	-77
-29.5	-77
-28.5	-77
-27.5	-77
-26.5	-77
-25.5	-77
-6.5	-77
-5.5	-77
-2.5	-77
-1.5	-77
1.5	-77
2.5	-77
5.5	-77
6.5	-77
25.5	-77
26.5	-77
27.5	-77
28.5	-77
29.5	-77
30.5	-77
33.5	-77
34.5	-77
35.5	-77
36.5	-77
37.5	-77
38.5	-77
-39	-78
-38	-78
-37	-78
-35	-78
-34	-78
-33	-78
-31	-78
-30	-78
-29	-78
-27	-78
-26	-78
-25	-78
-7	-78
-5	-78
-3	-78
-1	-78
1	-78
3	-78
5	-78
7	-78
25	-78
26	-78
27	-78
29	-78
30	-78
31	-78
33	-78
34	-78
35	-78
37	-78
38	-78
39	-78
-39.5	-79
-38.5	-79
-37.5	-79
-36.5	-79
-35.5	-79
-34.5	-79
-33.5	-79
-32.5	-79
-31.5	-79
-30.5	-79
-29.5	-79
-28.5	-79
-27.5	-79
-26.5	-79
-25.5	-79
-24.5	-79
-7.5	-79
-6.5	-79
-5.5	-79
-4.5	-79
-3.5	-79
-2.5	-79
-1.5	-79
-0.5	-79
0.5	-79
1.5	-79
2.5	-79
3.5	-79
4.5	-79
5.5	-79
6.5	-79
7.5	-79
24.5	-79
25.5	-79
26.5	-79
27.5	-79
28.5	-79
29.5	-79
30.5	-79
31.5	-79
32.5	-79
33.5	-79
34.5	-79
35.5	-79
36.5	-79
37.5	-79
38.5	-79
39.5	-79
-40	-80
-32	-80
-24	-80
-8	-80
8	-80
24	-80
32	-80
40	-80
-40.5	-81
-39.5	-81
-32.5	-81
-31.5	-81
-24.5	-81
-23.5	-81
-8.5	-81
-7.5	-81
7.5	-81
8.5	-81
23.5	-81
24.5	-81
31.5	-81
32.5	-81
39.5	-81
40.5	-81
-41	-82
-40	-82
-39	-82
-33	-82
-31	-82
-25	-82
-24	-82
-23	-82
-9	-82
-7	-82
7	-82
9	-82
23	-82
24	-82
25	-82
31	-82
33	-82
39	-82
40	-82
41	-82
-41.5	-83
-40.5	-83
-39.5	-83
-38.5	-83
-33.5	-83
-32.5	-83
-31.5	-83
-30.5	-83
-25.5	-83
-24.5	-83
-23.5	-83
-22.5	-83
-9.5	-83
-8.5	-83
-7.5	-83
-6.5	-83
6.5	-83
7.5	-83
8.5	-83
9.5	-83
22.5	-83
23.5	-83
24.5	-83
25.5	-83
30.5	-83
31.5	-83
32.5	-83
33.5	-83
38.5	-83
39.5	-83
40.5	-83
41.5	-83
-42	-84
-40	-84
-38	-84
-34	-84
-30	-84
-26	-84
-24	-84
-22	-84
-10	-84
-6	-84
6	-84
10	-84
22	-84
24	-84
26	-84
30	-84
34	-84
38	-84
40	-84
42	-84
-42.5	-85
-41.5	-85
-40.5	-85
-39.5	-85
-38.5	-85
-37.5	-85
-34.5	-85
-33.5	-85
-30.5	-85
-29.5	-85
-26.5	-85
-25.5	-85
-24.5	-85
-23.5	-85
-22.5	-85
-21.5	-85
-10.5	-85
-9.5	-85
-6.5	-85
-5.5	-85
5.5	-85
6.5	-85
9.5	-85
10.5	-85
21.5	-85
22.5	-85
23.5	-85
24.5	-85
25.5	-85
26.5	-85
29.5	-85
30.5	-85
33.5	-85
34.5	-85
37.5	-85
38.5	-85
39.5	-85
40.5	-85
41.5	-85
42.5	-85
-43	-86
-42	-86
-41	-86
-39	-86
-38	-86
-37	-86
-35	-86
-33	-86
-31	-86
-29	-86
-27	-86
-26	-86
-25	-86
-23	-86
-22	-86
-21	-86
-11	-86
-9	-86
-7	-86
-5	-86
5	-86
7	-86
9	-86
11	-86
21	-86
22	-86
23	-86
25	-86
26	-86
27	-86
29	-86
31	-86
33	-86
35	-86
37	-86
38	-86
39	-86
41	-86
42	-86
43	-86
-43.5	-87
-42.5	-87
-41.5	-87
-40.5	-87
-39.5	-87
-38.5	-87
-37.5	-87
-36.5	-87
-35.5	-87
-34.5	-87
-33.5	-87
-32.5	-87
-31.5	-87
-30.5	-87
-29.5	-87
-28.5	-87
-27.5	-87
-26.5	-87
-25.5	-87
-24.5	-87
-23.5	-87
-22.5	-87
-21.5	-87
-20.5	-87
-11.5	-87
-10.5	-87
-9.5	-87
-8.5	-87
-7.5	-87
-6.5	-87
-5.5	-87
-4.5	-87
4.5	-87
5.5	-87
6.5	-87
7.5	-87
8.5	-87
9.5	-87
10.5	-87
11.5	-87
20.5	-87
21.5	-87
22.5	-87
23.5	-87
24.5	-87
25.5	-87
26.5	-87
27.5	-87
28.5	-87
29.5	-87
30.5	-87
31.5	-87
32.5	-87
33.5	-87
34.5	-87
35.5	-87
36.5	-87
37.5	-87
38.5	-87
39.5	-87
40.5	-87
41.5	-87
42.5	-87
43.5	-87
-44	-88
-40	-88
-36	-88
-28	-88
-24	-88
-20	-88
-12	-88
-4	-88
4	-88
12	-88
20	-88
24	-88
28	-88
36	-88
40	-88
44	-88
-44.5	-89
-43.5	-89
-40.5	-89
-39.5	-89
-36.5	-89
-35.5	-89
-28.5	-89
-27.5	-89
-24.5	-89
-23.5	-89
-20.5	-89
-19.5	-89
-12.5	-89
-11.5	-89
-4.5	-89
-3.5	-89
3.5	-89
4.5	-89
11.5	-89
12.5	-89
19.5	-89
20.5	-89
23.5	-89
24.5	-89
27.5	-89
28.5	-89
35.5	-89
36.5	-89
39.5	-89
40.5	-89
43.5	-89
44.5	-89
-45	-90
-44	-90
-43	-90
-41	-90
-39	-90
-37	-90
-36	-90
-35	-90
-29	-90
-28	-90
-27	-90
-25	-90
-23	-90
-21	-90
-20	-90
-19	-90
-13	-90
-11	-90
-5	-90
-3	-90
3	-90
5	-90
11	-90
13	-90
19	-90
20	-90
21	-90
23	-90
25	-90
27	-90
28	-90
29	-90
35	-90
36	-90
37	-90
39	-90
41	-90
43	-90
44	-90
45	-90
-45.5	-91
-44.5	-91
-43.5	-91
-42.5	-91
-41.5	-91
-40.5	-91
-39.5	-91
-38.5	-91
-37.5	-91
-36.5	-91
-35.5	-91
-34.5	-91
-29.5	-91
-28.5	-91
-27.5	-91
-26.5	-91
-25.5	-91
-24.5	-91
-23.5	-91
-22.5	-91
-21.5	-91
-20.5	-91
-19.5	-91
-18.5	-91
-13.5	-91
-12.5	-91
-11.5	-91
-10.5	-91
-5.5	-91
-4.5	-91
-3.5	-91
-2.5	-91
2.5	-91
3.5	-91
4.5	-91
5.5	-91
10.5	-91
11.5	-91
12.5	-91
13.5	-91
18.5	-91
19.5	-91
20.5	-91
21.5	-91
22.5	-91
23.5	-91
24.5	-91
25.5	-91
26.5	-91
27.5	-91
28.5	-91
29.5	-91
34.5	-91
35.5	-91
36.5	-91
37.5	-91
38.5	-91
39.5	-91
40.5	-91
41.5	-91
42.5	-91
43.5	-91
44.5	-91
45.5	-91
-46	-92
-44	-92
-42	-92
-38	-92
-36	-92
-34	-92
-30	-92
-28	-92
-26	-92
-22	-92
-20	-92
-18	-92
-14	-92
-10	-92
-6	-92
-2	-92
2	-92
6	-92
10	-92
14	-92
18	-92
20	-92
22	-92
26	-92
28	-92
30	-92
34	-92
36	-92
38	-92
42	-92
44	-92
46	-92
-46.5	-93
-45.5	-93
-44.5	-93
-43.5	-93
-42.5	-93
-41.5	-93
-38.5	-93
-37.5	-93
-36.5	-93
-35.5	-93
-34.5	-93
-33.5	-93
-30.5	-93
-29.5	-93
-28.5	-93
-27.5	-93
-26.5	-93
-25.5	-93
-22.5	-93
-21.5	-93
-20.5	-93
-19.5	-93
-18.5	-93
-17.5	-93
-14.5	-93
-13.5	-93
-10.5	-93
-9.5	-93
-6.5	-93
-5.5	-93
-2.5	-93
-1.5	-93
1.5	-93
2.5	-93
5.5	-93
6.5	-93
9.5	-93
10.5	-93
13.5	-93
14.5	-93
17.5	-93
18.5	-93
19.5	-93
20.5	-93
21.5	-93
22.5	-93
25.5	-93
26.5	-93
27.5	-93
28.5	-93
29.5	-93
30.5	-93
33.5	-93
34.5	-93
35.5	-93
36.5	-93
37.5	-93
38.5	-93
41.5	-93
42.5	-93
43.5	-93
44.5	-93
45.5	-93
46.5	-93
-47	-94
-46	-94
-45	-94
-43	-94
-42	-94
-41	-94
-39	-94
-38	-94
-37	-94
-35	-94
-34	-94
-33	-94
-31	-94
-30	-94
-29	-94
-27	-94
-26	-94
-25	-94
-23	-94
-22	-94
-21	-94
-19	-94
-18	-94
-17	-94
-15	-94
-13	-94
-11	-94
-9	-94
-7	-94
-5	-94
-3	-94
-1	-94
1	-94
3	-94
5	-94
7	-94
9	-94
11	-94
13	-94
15	-94
17	-94
18	-94
19	-94
21	-94
22	-94
23	-94
25	-94
26	-94
27	-94
29	-94
30	-94
31	-94
33	-94
34	-94
35	-94
37	-94
38	-94
39	-94
41	-94
42	-94
43	-94
45	-94
46	-94
47	-94
-47.5	-95
-46.5	-95
-45.5	-95
-44.5	-95
-43.5	-95
-42.5	-95
-41.5	-95
-40.5	-95
-39.5	-95
-38.5	-95
-37.5	-95
-36.5	-95
-35.5	-95
-34.5	-95
-33.5	-95
-32.5	-95
-31.5	-95
-30.5	-95
-29.5	-95
-28.5	-95
-27.5	-95
-26.5	-95
-25.5	-95
-24.5	-95
-23.5	-95
-22.5	-95
-21.5	-95
-20.5	-95
-19.5	-95
-18.5	-95
-17.5	-95
-16.5	-95
-15.5	-95
-14.5	-95
-13.5	-95
-12.5	-95
-11.5	-95
-10.5	-95
-9.5	-95
-8.5	-95
-7.5	-95
-6.5	-95
-5.5	-95
-4.5	-95
-3.5	-95
-2.5	-95
-1.5	-95
-0.5	-95
0.5	-95
1.5	-95
2.5	-95
3.5	-95
4.5	-95
5.5	-95
6.5	-95
7.5	-95
8.5	-95
9.5	-95
10.5	-95
11.5	-95
12.5	-95
13.5	-95
14.5	-95
15.5	-95
16.5	-95
17.5	-95
18.5	-95
19.5	-95
20.5	-95
21.5	-95
22.5	-95
23.5	-95
24.5	-95
25.5	-95
26.5	-95
27.5	-95
28.5	-95
29.5	-95
30.5	-95
31.5	-95
32.5	-95
33.5	-95
34.5	-95
35.5	-95
36.5	-95
37.5	-95
38.5	-95
39.5	-95
40.5	-95
41.5	-95
42.5	-95
43.5	-95
44.5	-95
45.5	-95
46.5	-95
47.5	-95
-48	-96
-32	-96
-16	-96
16	-96
32	-96
48	-96
-48.5	-97
-47.5	-97
-32.5	-97
-31.5	-97
-16.5	-97
-15.5	-97
15.5	-97
16.5	-97
31.5	-97
32.5	-97
47.5	-97
48.5	-97
-49	-98
-48	-98
-47	-98
-33	-98
-31	-98
-17	-98
-16	-98
-15	-98
15	-98
16	-98
17	-98
31	-98
33	-98
47	-98
48	-98
49	-98
-49.5	-99
-48.5	-99
-47.5	-99
-46.5	-99
-33.5	-99
-32.5	-99
-31.5	-99
-30.5	-99
-17.5	-99
-16.5	-99
-15.5	-99
-14.5	-99
14.5	-99
15.5	-99
16.5	-99
17.5	-99
30.5	-99
31.5	-99
32.5	-99
33.5	-99
46.5	-99
47.5	-99
48.5	-99
49.5	-99
-50	-100
-48	-100
-46	-100
-34	-100
-30	-100
-18	-100
-16	-100
-14	-100
14	-100
16	-100
18	-100
30	-100
34	-100
46	-100
48	-100
50	-100
-50.5	-101
-49.5	-101
-48.5	-101
-47.5	-101
-46.5	-101
-45.5	-101
-34.5	-101
-33.5	-101
-30.5	-101
-29.5	-101
-18.5	-101
-17.5	-101
-16.5	-101
-15.5	-101
-14.5	-101
-13.5	-101
13.5	-101
14.5	-101
15.5	-101
16.5	-101
17.5	-101
18.5	-101
29.5	-101
30.5	-101
33.5	-101
34.5	-101
45.5	-101
46.5	-101
47.5	-101
48.5	-101
49.5	-101
50.5	-101
-51	-102
-50	-102
-49	-102
-47	-102
-46	-102
-45	-102
-35	-102
-33	-102
-31	-102
-29	-102
-19	-102
-18	-102
-17	-102
-15	-102
-14	-102
-13	-102
13	-102
14	-102
15	-102
17	-102
18	-102
19	-102
29	-102
31	-102
33	-102
35	-102
45	-102
46	-102
47	-102
49	-102
50	-102
51	-102
-51.5	-103
-50.5	-103
-49.5	-103
-48.5	-103
-47.5	-103
-46.5	-103
-45.5	-103
-44.5	-103
-35.5	-103
-34.5	-103
-33.5	-103
-32.5	-103
-31.5	-103
-30.5	-103
-29.5	-103
-28.5	-103
-19.5	-103
-18.5	-103
-17.5	-103
-16.5	-103
-15.5	-103
-14.5	-103
-13.5	-103
-12.5	-103
12.5	-103
13.5	-103
14.5	-103
15.5	-103
16.5	-103
17.5	-103
18.5	-103
19.5	-103
28.5	-103
29.5	-103
30.5	-103
31.5	-103
32.5	-103
33.5	-103
34.5	-103
35.5	-103
44.5	-103
45.5	-103
46.5	-103
47.5	-103
48.5	-103
49.5	-103
50.5	-103
51.5	-103
-52	-104
-48	-104
-44	-104
-36	-104
-28	-104
-20	-104
-16	-104
-12	-104
12	-104
16	-104
20	-104
28	-104
36	-104
44	-104
48	-104
52	-104
-52.5	-105
-51.5	-105
-48.5	-105
-47.5	-105
-44.5	-105
-43.5	-105
-36.5	-105
-35.5	-105
-28.5	-105
-27.5	-105
-20.5	-105
-19.5	-105
-16.5	-105
-15.5	-105
-12.5	-105
-11.5	-105
11.5	-105
12.5	-105
15.5	-105
16.5	-105
19.5	-105
20.5	-105
27.5	-105
28.5	-105
35.5	-105
36.5	-105
43.5	-105
44.5	-105
47.5	-105
48.5	-105
51.5	-105
52.5	-105
-53	-106
-52	-106
-51	-106
-49	-106
-47	-106
-45	-106
-44	-106
-43	-106
-37	-106
-35	-106
-29	-106
-27	-106
-21	-106
-20	-106
-19	-106
-17	-106
-15	-106
-13	-106
-12	-106
-11	-106
11	-106
12	-106
13	-106
15	-106
17	-106
19	-106
20	-106
21	-106
27	-106
29	-106
35	-106
37	-106
43	-106
44	-106
45	-106
47	-106
49	-106
51	-106
52	-106
53	-106
-53.5	-107
-52.5	-107
-51.5	-107
-50.5	-107
-49.5	-107
-48.5	-107
-47.5	-107
-46.5	-107
-45.5	-107
-44.5	-107
-43.5	-107
-42.5	-107
-37.5	-107
-36.5	-107
-35.5	-107
-34.5	-107
-29.5	-107
-28.5	-107
-27.5	-107
-26.5	-107
-21.5	-107
-20.5	-107
-19.5	-107
-18.5	-107
-17.5	-107
-16.5	-107
-15.5	-107
-14.5	-107
-13.5	-107
-12.5	-107
-11.5	-107
-10.5	-107
10.5	-107
11.5	-107
12.5	-107
13.5	-107
14.5	-107
15.5	-107
16.5	-107
17.5	-107
18.5	-107
19.5	-107
20.5	-107
21.5	-107
26.5	-107
27.5	-107
28.5	-107
29.5	-107
34.5	-107
35.5	-107
36.5	-107
37.5	-107
42.5	-107
43.5	-107
44.5	-107
45.5	-107
46.5	-107
47.5	-107
48.5	-107
49.5	-107
50.5	-107
51.5	-107
52.5	-107
53.5	-107
-54	-108
-52	-108
-50	-108
-46	-108
-44	-108
-42	-108
-38	-108
-34	-108
-30	-108
-26	-108
-22	-108
-20	-108
-18	-108
-14	-108
-12	-108
-10	-108
10	-108
12	-108
14	-108
18	-108
20	-108
22	-108
26	-108
30	-108
34	-108
38	-108
42	-108
44	-108
46	-108
50	-108
52	-108
54	-108
-54.5	-109
-53.5	-109
-52.5	-109
-51.5	-109
-50.5	-109
-49.5	-109
-46.5	-109
-45.5	-109
-44.5	-109
-43.5	-109
-42.5	-109
-41.5	-109
-38.5	-109
-37.5	-109
-34.5	-109
-33.5	-109
-30.5	-109
-29.5	-109
-26.5	-109
-25.5	-109
-22.5	-109
-21.5	-109
-20.5	-109
-19.5	-109
-18.5	-109
-17.5	-109
-14.5	-109
-13.5	-109
-12.5	-109
-11.5	-109
-10.5	-109
-9.5	-109
9.5	-109
10.5	-109
11.5	-109
12.5	-109
13.5	-109
14.5	-109
17.5	-109
18.5	-109
19.5	-109
20.5	-109
21.5	-109
22.5	-109
25.5	-109
26.5	-109
29.5	-109
30.5	-109
33.5	-109
34.5	-109
37.5	-109
38.5	-109
41.5	-109
42.5	-109
43.5	-109
44.5	-109
45.5	-109
46.5	-109
49.5	-109
50.5	-109
51.5	-109
52.5	-109
53.5	-109
54.5	-109
-55	-110
-54	-110
-53	-110
-51	-110
-50	-110
-49	-110
-47	-110
-46	-110
-45	-110
-43	-110
-42	-110
-41	-110
-39	-110
-37	-110
-35	-110
-33	-110
-31	-110
-29	-110
-27	-110
-25	-110
-23	-110
-22	-110
-21	-110
-19	-110
-18	-110
-17	-110
-15	-110
-14	-110
-13	-110
-11	-110
-10	-110
-9	-110
9	-110
10	-110
11	-110
13	-110
14	-110
15	-110
17	-110
18	-110
19	-110
21	-110
22	-110
23	-110
25	-110
27	-110
29	-110
31	-110
33	-110
35	-110
37	-110
39	-110
41	-110
42	-110
43	-110
45	-110
46	-110
47	-110
49	-110
50	-110
51	-110
53	-110
54	-110
55	-110
-55.5	-111
-54.5	-111
-53.5	-111
-52.5	-111
-51.5	-111
-50.5	-111
-49.5	-111
-48.5	-111
-47.5	-111
-46.5	-111
-45.5	-111
-44.5	-111
-43.5	-111
-42.5	-111
-41.5	-111
-40.5	-111
-39.5	-111
-38.5	-111
-37.5	-111
-36.5	-111
-35.5	-111
-34.5	-111
-33.5	-111
-32.5	-111
-31.5	-111
-30.5	-111
-29.5	-111
-28.5	-111
-27.5	-111
-26.5	-111
-25.5	-111
-24.5	-111
-23.5	-111
-22.5	-111
-21.5	-111
-20.5	-111
-19.5	-111
-18.5	-111
-17.5	-111
-16.5	-111
-15.5	-111
-14.5	-111
-13.5	-111
-12.5	-111
-11.5	-111
-10.5	-111
-9.5	-111
-8.5	-111
8.5	-111
9.5	-111
10.5	-111
11.5	-111
12.5	-111
13.5	-111
14.5	-111
15.5	-111
16.5	-111
17.5	-111
18.5	-111
19.5	-111
20.5	-111
21.5	-111
22.5	-111
23.5	-111
24.5	-111
25.5	-111
26.5	-111
27.5	-111
28.5	-111
29.5	-111
30.5	-111
31.5	-111
32.5	-111
33.5	-111
34.5	-111
35.5	-111
36.5	-111
37.5	-111
38.5	-111
39.5	-111
40.5	-111
41.5	-111
42.5	-111
43.5	-111
44.5	-111
45.5	-111
46.5	-111
47.5	-111
48.5	-111
49.5	-111
50.5	-111
51.5	-111
52.5	-111
53.5	-111
54.5	-111
55.5	-111
-56	-112
-48	-112
-40	-112
-24	-112
-16	-112
-8	-112
8	-112
16	-112
24	-112
40	-112
48	-112
56	-112
-56.5	-113
-55.5	-113
-48.5	-113
-47.5	-113
-40.5	-113
-39.5	-113
-24.5	-113
-23.5	-113
-16.5	-113
-15.5	-113
-8.5	-113
-7.5	-113
7.5	-113
8.5	-113
15.5	-113
16.5	-113
23.5	-113
24.5	-113
39.5	-113
40.5	-113
47.5	-113
48.5	-113
55.5	-113
56.5	-113
-57	-114
-56	-114
-55	-114
-49	-114
-47	-114
-41	-114
-40	-114
-39	-114
-25	-114
-24	-114
-23	-114
-17	-114
-15	-114
-9	-114
-8	-114
-7	-114
7	-114
8	-114
9	-114
15	-114
17	-114
23	-114
24	-114
25	-114
39	-114
40	-114
41	-114
47	-114
49	-114
55	-114
56	-114
57	-114
-57.5	-115
-56.5	-115
-55.5	-115
-54.5	-115
-49.5	-115
-48.5	-115
-47.5	-115
-46.5	-115
-41.5	-115
-40.5	-115
-39.5	-115
-38.5	-115
-25.5	-115
-24.5	-115
-23.5	-115
-22.5	-115
-17.5	-115
-16.5	-115
-15.5	-115
-14.5	-115
-9.5	-115
-8.5	-115
-7.5	-115
-6.5	-115
6.5	-115
7.5	-115
8.5	-115
9.5	-115
14.5	-115
15.5	-115
16.5	-115
17.5	-115
22.5	-115
23.5	-115
24.5	-115
25.5	-115
38.5	-115
39.5	-115
40.5	-115
41.5	-115
46.5	-115
47.5	-115
48.5	-115
49.5	-115
54.5	-115
55.5	-115
56.5	-115
57.5	-115
-58	-116
-56	-116
-54	-116
-50	-116
-46	-116
-42	-116
-40	-116
-38	-116
-26	-116
-24	-116
-22	-116
-18	-116
-14	-116
-10	-116
-8	-116
-6	-116
6	-116
8	-116
10	-116
14	-116
18	-116
22	-116
24	-116
26	-116
38	-116
40	-116
42	-116
46	-116
50	-116
54	-116
56	-116
58	-116
-58.5	-117
-57.5	-117
-56.5	-117
-55.5	-117
-54.5	-117
-53.5	-117
-50.5	-117
-49.5	-117
-46.5	-117
-45.5	-117
-42.5	-117
-41.5	-117
-40.5	-117
-39.5	-117
-38.5	-117
-37.5	-117
-26.5	-117
-25.5	-117
-24.5	-117
-23.5	-117
-22.5	-117
-21.5	-117
-18.5	-117
-17.5	-117
-14.5	-117
-13.5	-117
-10.5	-117
-9.5	-117
-8.5	-117
-7.5	-117
-6.5	-117
-5.5	-117
5.5	-117
6.5	-117
7.5	-117
8.5	-117
9.5	-117
10.5	-117
13.5	-117
14.5	-117
17.5	-117
18.5	-117
21.5	-117
22.5	-117
23.5	-117
24.5	-117
25.5	-117
26.5	-117
37.5	-117
38.5	-117
39.5	-117
40.5	-117
41.5	-117
42.5	-117
45.5	-117
46.5	-117
49.5	-117
50.5	-117
53.5	-117
54.5	-117
55.5	-117
56.5	-117
57.5	-117
58.5	-117
-59	-118
-58	-118
-57	-118
-55	-118
-54	-118
-53	-118
-51	-118
-49	-118
-47	-118
-45	-118
-43	-118
-42	-118
-41	-118
-39	-118
-38	-118
-37	-118
-27	-118
-26	-118
-25	-118
-23	-118
-22	-118
-21	-118
-19	-118
-17	-118
-15	-118
-13	-118
-11	-118
-10	-118
-9	-118
-7	-118
-6	-118
-5	-118
5	-118
6	-118
7	-118
9	-118
10	-118
11	-118
13	-118
15	-118
17	-118
19	-118
21	-118
22	-118
23	-118
25	-118
26	-118
27	-118
37	-118
38	-118
39	-118
41	-118
42	-118
43	-118
45	-118
47	-118
49	-118
51	-118
53	-118
54	-118
55	-118
57	-118
58	-118
59	-118
-59.5	-119
-58.5	-119
-57.5	-119
-56.5	-119
-55.5	-119
-54.5	-119
-53.5	-119
-52.5	-119
-51.5	-119
-50.5	-119
-49.5	-119
-48.5	-119
-47.5	-119
-46.5	-119
-45.5	-119
-44.5	-119
-43.5	-119
-42.5	-119
-41.5	-119
-40.5	-119
-39.5	-119
-38.5	-119
-37.5	-119
-36.5	-119
-27.5	-119
-26.5	-119
-25.5	-119
-24.5	-119
-23.5	-119
-22.5	-119
-21.5	-119
-20.5	-119
-19.5	-119
-18.5	-119
-17.5	-119
-16.5	-119
-15.5	-119
-14.5	-119
-13.5	-119
-12.5	-119
-11.5	-119
-10.5	-119
-9.5	-119
-8.5	-119
-7.5	-119
-6.5	-119
-5.5	-119
-4.5	-119
4.5	-119
5.5	-119
6.5	-119
7.5	-119
8.5	-119
9.5	-119
10.5	-119
11.5	-119
12.5	-119
13.5	-119
14.5	-119
15.5	-119
16.5	-119
17.5	-119
18.5	-119
19.5	-119
20.5	-119
21.5	-119
22.5	-119
23.5	-119
24.5	-119
25.5	-119
26.5	-119
27.5	-119
36.5	-119
37.5	-119
38.5	-119
39.5	-119
40.5	-119
41.5	-119
42.5	-119
43.5	-119
44.5	-119
45.5	-119
46.5	-119
47.5	-119
48.5	-119
49.5	-119
50.5	-119
51.5	-119
52.5	-119
53.5	-119
54.5	-119
55.5	-119
56.5	-119
57.5	-119
58.5	-119
59.5	-119
-60	-120
-56	-120
-52	-120
-44	-120
-40	-120
-36	-120
-28	-120
-24	-120
-20	-120
-12	-120
-8	-120
-4	-120
4	-120
8	-120
12	-120
20	-120
24	-120
28	-120
36	-120
40	-120
44	-120
52	-120
56	-120
60	-120
-60.5	-121
-59.5	-121
-56.5	-121
-55.5	-121
-52.5	-121
-51.5	-121
-44.5	-121
-43.5	-121
-40.5	-121
-39.5	-121
-36.5	-121
-35.5	-121
-28.5	-121
-27.5	-121
-24.5	-121
-23.5	-121
-20.5	-121
-19.5	-121
-12.5	-121
-11.5	-121
-8.5	-121
-7.5	-121
-4.5	-121
-3.5	-121
3.5	-121
4.5	-121
7.5	-121
8.5	-121
11.5	-121
12.5	-121
19.5	-121
20.5	-121
23.5	-121
24.5	-121
27.5	-121
28.5	-121
35.5	-121
36.5	-121
39.5	-121
40.5	-121
43.5	-121
44.5	-121
51.5	-121
52.5	-121
55.5	-121
56.5	-121
59.5	-121
60.5	-121
-61	-122
-60	-122
-59	-122
-57	-122
-55	-122
-53	-122
-52	-122
-51	-122
-45	-122
-44	-122
-43	-122
-41	-122
-39	-122
-37	-122
-36	-122
-35	-122
-29	-122
-28	-122
-27	-122
-25	-122
-23	-122
-21	-122
-20	-122
-19	-122
-13	-122
-12	-122
-11	-122
-9	-122
-7	-122
-5	-122
-4	-122
-3	-122
3	-122
4	-122
5	-122
7	-122
9	-122
11	-122
12	-122
13	-122
19	-122
20	-122
21	-122
23	-122
25	-122
27	-122
28	-122
29	-122
35	-122
36	-122
37	-122
39	-122
41	-122
43	-122
44	-122
45	-122
51	-122
52	-122
53	-122
55	-122
57	-122
59	-122
60	-122
61	-122
-61.5	-123
-60.5	-123
-59.5	-123
-58.5	-123
-57.5	-123
-56.5	-123
-55.5	-123
-54.5	-123
-53.5	-123
-52.5	-123
-51.5	-123
-50.5	-123
-45.5	-123
-44.5	-123
-43.5	-123
-42.5	-123
-41.5	-123
-40.5	-123
-39.5	-123
-38.5	-123
-37.5	-123
-36.5	-123
-35.5	-123
-34.5	-123
-29.5	-123
-28.5	-123
-27.5	-123
-26.5	-123
-25.5	-123
-24.5	-123
-23.5	-123
-22.5	-123
-21.5	-123
-20.5	-123
-19.5	-123
-18.5	-123
-13.5	-123
-12.5	-123
-11.5	-123
-10.5	-123
-9.5	-123
-8.5	-123
-7.5	-123
-6.5	-123
-5.5	-123
-4.5	-123
-3.5	-123
-2.5	-123
2.5	-123
3.5	-123
4.5	-123
5.5	-123
6.5	-123
7.5	-123
8.5	-123
9.5	-123
10.5	-123
11.5	-123
12.5	-123
13.5	-123
18.5	-123
19.5	-123
20.5	-123
21.5	-123
22.5	-123
23.5	-123
24.5	-123
25.5	-123
26.5	-123
27.5	-123
28.5	-123
29.5	-123
34.5	-123
35.5	-123
36.5	-123
37.5	-123
38.5	-123
39.5	-123
40.5	-123
41.5	-123
42.5	-123
43.5	-123
44.5	-123
45.5	-123
50.5	-123
51.5	-123
52.5	-123
53.5	-123
54.5	-123
55.5	-123
56.5	-123
57.5	-123
58.5	-123
59.5	-123
60.5	-123
61.5	-123
-62	-124
-60	-124
-58	-124
-54	-124
-52	-124
-50	-124
-46	-124
-44	-124
-42	-124
-38	-124
-36	-124
-34	-124
-30	-124
-28	-124
-26	-124
-22	-124
-20	-124
-18	-124
-14	-124
-12	-124
-10	-124
-6	-124
-4	-124
-2	-124
2	-124
4	-124
6	-124
10	-124
12	-124
14	-124
18	-124
20	-124
22	-124
26	-124
28	-124
30	-124
34	-124
36	-124
38	-124
42	-124
44	-124
46	-124
50	-124
52	-124
54	-124
58	-124
60	-124
62	-124
-62.5	-125
-61.5	-125
-60.5	-125
-59.5	-125
-58.5	-125
-57.5	-125
-54.5	-125
-53.5	-125
-52.5	-125
-51.5	-125
-50.5	-125
-49.5	-125
-46.5	-125
-45.5	-125
-44.5	-125
-43.5	-125
-42.5	-125
-41.5	-125
-38.5	-125
-37.5	-125
-36.5	-125
-35.5	-125
-34.5	-125
-33.5	-125
-30.5	-125
-29.5	-125
-28.5	-125
-27.5	-125
-26.5	-125
-25.5	-125
-22.5	-125
-21.5	-125
-20.5	-125
-19.5	-125
-18.5	-125
-17.5	-125
-14.5	-125
-13.5	-125
-12.5	-125
-11.5	-125
-10.5	-125
-9.5	-125
-6.5	-125
-5.5	-125
-4.5	-125
-3.5	-125
-2.5	-125
-1.5	-125
1.5	-125
2.5	-125
3.5	-125
4.5	-125
5.5	-125
6.5	-125
9.5	-125
10.5	-125
11.5	-125
12.5	-125
13.5	-125
14.5	-125
17.5	-125
18.5	-125
19.5	-125
20.5	-125
21.5	-125
22.5	-125
25.5	-125
26.5	-125
27.5	-125
28.5	-125
29.5	-125
30.5	-125
33.5	-125
34.5	-125
35.5	-125
36.5	-125
37.5	-125
38.5	-125
41.5	-125
42.5	-125
43.5	-125
44.5	-125
45.5	-125
46.5	-125
49.5	-125
50.5	-125
51.5	-125
52.5	-125
53.5	-125
54.5	-125
57.5	-125
58.5	-125
59.5	-125
60.5	-125
61.5	-125
62.5	-125
-63	-126
-62	-126
-61	-126
-59	-126
-58	-126
-57	-126
-55	-126
-54	-126
-53	-126
-51	-126
-50	-126
-49	-126
-47	-126
-46	-126
-45	-126
-43	-126
-42	-126
-41	-126
-39	-126
-38	-126
-37	-126
-35	-126
-34	-126
-33	-126
-31	-126
-30	-126
-29	-126
-27	-126
-26	-126
-25	-126
-23	-126
-22	-126
-21	-126
-19	-126
-18	-126
-17	-126
-15	-126
-14	-126
-13	-126
-11	-126
-10	-126
-9	-126
-7	-126
-6	-126
-5	-126
-3	-126
-2	-126
-1	-126
1	-126
2	-126
3	-126
5	-126
6	-126
7	-126
9	-126
10	-126
11	-126
13	-126
14	-126
15	-126
17	-126
18	-126
19	-126
21	-126
22	-126
23	-126
25	-126
26	-126
27	-126
29	-126
30	-126
31	-126
33	-126
34	-126
35	-126
37	-126
38	-126
39	-126
41	-126
42	-126
43	-126
45	-126
46	-126
47	-126
49	-126
50	-126
51	-126
53	-126
54	-126
55	-126
57	-126
58	-126
59	-126
61	-126
62	-126
63	-126
-63.5	-127
-62.5	-127
-61.5	-127
-60.5	-127
-59.5	-127
-58.5	-127
-57.5	-127
-56.5	-127
-55.5	-127
-54.5	-127
-53.5	-127
-52.5	-127
-51.5	-127
-50.5	-127
-49.5	-127
-48.5	-127
-47.5	-127
-46.5	-127
-45.5	-127
-44.5	-127
-43.5	-127
-42.5	-127
-41.5	-127
-40.5	-127
-39.5	-127
-38.5	-127
-37.5	-127
-36.5	-127
-35.5	-127
-34.5	-127
-33.5	-127
-32.5	-127
-31.5	-127
-30.5	-127
-29.5	-127
-28.5	-127
-27.5	-127
-26.5	-127
-25.5	-127
-24.5	-127
-23.5	-127
-22.5	-127
-21.5	-127
-20.5	-127
-19.5	-127
-18.5	-127
-17.5	-127
-16.5	-127
-15.5	-127
-14.5	-127
-13.5	-127
-12.5	-127
-11.5	-127
-10.5	-127
-9.5	-127
-8.5	-127
-7.5	-127
-6.5	-127
-5.5	-127
-4.5	-127
-3.5	-127
-2.5	-127
-1.5	-127
-0.5	-127
0.5	-127
1.5	-127
2.5	-127
3.5	-127
4.5	-127
5.5	-127
6.5	-127
7.5	-127
8.5	-127
9.5	-127
10.5	-127
11.5	-127
12.5	-127
13.5	-127
14.5	-127
15.5	-127
16.5	-127
17.5	-127
18.5	-127
19.5	-127
20.5	-127
21.5	-127
22.5	-127
23.5	-127
24.5	-127
25.5	-127
26.5	-127
27.5	-127
28.5	-127
29.5	-127
30.5	-127
31.5	-127
32.5	-127
33.5	-127
34.5	-127
35.5	-127
36.5	-127
37.5	-127
38.5	-127
39.5	-127
40.5	-127
41.5	-127
42.5	-127
43.5	-127
44.5	-127
45.5	-127
46.5	-127
47.5	-127
48.5	-127
49.5	-127
50.5	-127
51.5	-127
52.5	-127
53.5	-127
54.5	-127
55.5	-127
56.5	-127
57.5	-127
58.5	-127
59.5	-127
60.5	-127
61.5	-127
62.5	-127
63.5	-127
-64	-128
0	-128
64	-128
-64.5	-129
-63.5	-129
-0.5	-129
0.5	-129
63.5	-129
64.5	-129
-65	-130
-64	-130
-63	-130
-1	-130
1	-130
63	-130
64	-130
65	-130
-65.5	-131
-64.5	-131
-63.5	-131
-62.5	-131
-1.5	-131
-0.5	-131
0.5	-131
1.5	-131
62.5	-131
63.5	-131
64.5	-131
65.5	-131
-66	-132
-64	-132
-62	-132
-2	-132
2	-132
62	-132
64	-132
66	-132
-66.5	-133
-65.5	-133
-64.5	-133
-63.5	-133
-62.5	-133
-61.5	-133
-2.5	-133
-1.5	-133
1.5	-133
2.5	-133
61.5	-133
62.5	-133
63.5	-133
64.5	-133
65.5	-133
66.5	-133
-67	-134
-66	-134
-65	-134
-63	-134
-62	-134
-61	-134
-3	-134
-1	-134
1	-134
3	-134
61	-134
62	-134
63	-134
65	-134
66	-134
67	-134
-67.5	-135
-66.5	-135
-65.5	-135
-64.5	-135
-63.5	-135
-62.5	-135
-61.5	-135
-60.5	-135
-3.5	-135
-2.5	-135
-1.5	-135
-0.5	-135
0.5	-135
1.5	-135
2.5	-135
3.5	-135
60.5	-135
61.5	-135
62.5	-135
63.5	-135
64.5	-135
65.5	-135
66.5	-135
67.5	-135
-68	-136
-64	-136
-60	-136
-4	-136
4	-136
60	-136
64	-136
68	-136
-68.5	-137
-67.5	-137
-64.5	-137
-63.5	-137
-60.5	-137
-59.5	-137
-4.5	-137
-3.5	-137
3.5	-137
4.5	-137
59.5	-137
60.5	-137
63.5	-137
64.5	-137
67.5	-137
68.5	-137
-69	-138
-68	-138
-67	-138
-65	-138
-63	-138
-61	-138
-60	-138
-59	-138
-5	-138
-3	-138
3	-138
5	-138
59	-138
60	-138
61	-138
63	-138
65	-138
67	-138
68	-138
69	-138
-69.5	-139
-68.5	-139
-67.5	-139
-66.5	-139
-65.5	-139
-64.5	-139
-63.5	-139
-62.5	-139
-61.5	-139
-60.5	-139
-59.5	-139
-58.5	-139
-5.5	-139
-4.5	-139
-3.5	-139
-2.5	-139
2.5	-139
3.5	-139
4.5	-139
5.5	-139
58.5	-139
59.5	-139
60.5	-139
61.5	-139
62.5	-139
63.5	-139
64.5	-139
65.5	-139
66.5	-139
67.5	-139
68.5	-139
69.5	-139
-70	-140
-68	-140
-66	-140
-62	-140
-60	-140
-58	-140
-6	-140
-2	-140
2	-140
6	-140
58	-140
60	-140
62	-140
66	-140
68	-140
70	-140
-70.5	-141
-69.5	-141
-68.5	-141
-67.5	-141
-66.5	-141
-65.5	-141
-62.5	-141
-61.5	-141
-60.5	-141
-59.5	-141
-58.5	-141
-57.5	-141
-6.5	-141
-5.5	-141
-2.5	-141
-1.5	-141
1.5	-141
2.5	-141
5.5	-141
6.5	-141
57.5	-141
58.5	-141
59.5	-141
60.5	-141
61.5	-141
62.5	-141
65.5	-141
66.5	-141
67.5	-141
68.5	-141
69.5	-141
70.5	-141
-71	-142
-70	-142
-69	-142
-67	-142
-66	-142
-65	-142
-63	-142
-62	-142
-61	-142
-59	-142
-58	-142
-57	-142
-7	-142
-5	-142
-3	-142
-1	-142
1	-142
3	-142
5	-142
7	-142
57	-142
58	-142
59	-142
61	-142
62	-142
63	-142
65	-142
66	-142
67	-142
69	-142
70	-142
71	-142
-71.5	-143
-70.5	-143
-69.5	-143
-68.5	-143
-67.5	-143
-66.5	-143
-65.5	-143
-64.5	-143
-63.5	-143
-62.5	-143
-61.5	-143
-60.5	-143
-59.5	-143
-58.5	-143
-57.5	-143
-56.5	-143
-7.5	-143
-6.5	-143
-5.5	-143
-4.5	-143
-3.5	-143
-2.5	-143
-1.5	-143
-0.5	-143
0.5	-143
1.5	-143
2.5	-143
3.5	-143
4.5	-143
5.5	-143
6.5	-143
7.5	-143
56.5	-143
57.5	-143
58.5	-143
59.5	-143
60.5	-143
61.5	-143
62.5	-143
63.5	-143
64.5	-143
65.5	-143
66.5	-143
67.5	-143
68.5	-143
69.5	-143
70.5	-143
71.5	-143
-72	-144
-64	-144
-56	-144
-8	-144
8	-144
56	-144
64	-144
72	-144
-72.5	-145
-71.5	-145
-64.5	-145
-63.5	-145
-56.5	-145
-55.5	-145
-8.5	-145
-7.5	-145
7.5	-145
8.5	-145
55.5	-145
56.5	-145
63.5	-145
64.5	-145
71.5	-145
72.5	-145
-73	-146
-72	-146
-71	-146
-65	-146
-63	-146
-57	-146
-56	-146
-55	-146
-9	-146
-7	-146
7	-146
9	-146
55	-146
56	-146
57	-146
63	-146
65	-146
71	-146
72	-146
73	-146
-73.5	-147
-72.5	-147
-71.5	-147
-70.5	-147
-65.5	-147
-64.5	-147
-63.5	-147
-62.5	-147
-57.5	-147
-56.5	-147
-55.5	-147
-54.5	-147
-9.5	-147
-8.5	-147
-7.5	-147
-6.5	-147
6.5	-147
7.5	-147
8.5	-147
9.5	-147
54.5	-147
55.5	-147
56.5	-147
57.5	-147
62.5	-147
63.5	-147
64.5	-147
65.5	-147
70.5	-147
71.5	-147
72.5	-147
73.5	-147
-74	-148
-72	-148
-70	-148
-66	-148
-62	-148
-58	-148
-56	-148
-54	-148
-10	-148
-6	-148
6	-148
10	-148
54	-148
56	-148
58	-148
62	-148
66	-148
70	-148
72	-148
74	-148
-74.5	-149
-73.5	-149
-72.5	-149
-71.5	-149
-70.5	-149
-69.5	-149
-66.5	-149
-65.5	-149
-62.5	-149
-61.5	-149
-58.5	-149
-57.5	-149
-56.5	-149
-55.5	-149
-54.5	-149
-53.5	-149
-10.5	-149
-9.5	-149
-6.5	-149
-5.5	-149
5.5	-149
6.5	-149
9.5	-149
10.5	-149
53.5	-149
54.5	-149
55.5	-149
56.5	-149
57.5	-149
58.5	-149
61.5	-149
62.5	-149
65.5	-149
66.5	-149
69.5	-149
70.5	-149
71.5	-149
72.5	-149
73.5	-149
74.5	-149
-75	-150
-74	-150
-73	-150
-71	-150
-70	-150
-69	-150
-67	-150
-65	-150
-63	-150
-61	-150
-59	-150
-58	-150
-57	-150
-55	-150
-54	-150
-53	-150
-11	-150
-9	-150
-7	-150
-5	-150
5	-150
7	-150
9	-150
11	-150
53	-150
54	-150
55	-150
57	-150
58	-150
59	-150
61	-150
63	-150
65	-150
67	-150
69	-150
70	-150
71	-150
73	-150
74	-150
75	-150
-75.5	-151
-74.5	-151
-73.5	-151
-72.5	-151
-71.5	-151
-70.5	-151
-69.5	-151
-68.5	-151
-67.5	-151
-66.5	-151
-65.5	-151
-64.5	-151
-63.5	-151
-62.5	-151
-61.5	-151
-60.5	-151
-59.5	-151
-58.5	-151
-57.5	-151
-56.5	-151
-55.5	-151
-54.5	-151
-53.5	-151
-52.5	-151
-11.5	-151
-10.5	-151
-9.5	-151
-8.5	-151
-7.5	-151
-6.5	-151
-5.5	-151
-4.5	-151
4.5	-151
5.5	-151
6.5	-151
7.5	-151
8.5	-151
9.5	-151
10.5	-151
11.5	-151
52.5	-151
53.5	-151
54.5	-151
55.5	-151
56.5	-151
57.5	-151
58.5	-151
59.5	-151
60.5	-151
61.5	-151
62.5	-151
63.5	-151
64.5	-151
65.5	-151
66.5	-151
67.5	-151
68.5	-151
69.5	-151
70.5	-151
71.5	-151
72.5	-151
73.5	-151
74.5	-151
75.5	-151
-76	-152
-72	-152
-68	-152
-60	-152
-56	-152
-52	-152
-12	-152
-4	-152
4	-152
12	-152
52	-152
56	-152
60	-152
68	-152
72	-152
76	-152
-76.5	-153
-75.5	-153
-72.5	-153
-71.5	-153
-68.5	-153
-67.5	-153
-60.5	-153
-59.5	-153
-56.5	-153
-55.5	-153
-52.5	-153
-51.5	-153
-12.5	-153
-11.5	-153
-4.5	-153
-3.5	-153
3.5	-153
4.5	-153
11.5	-153
12.5	-153
51.5	-153
52.5	-153
55.5	-153
56.5	-153
59.5	-153
60.5	-153
67.5	-153
68.5	-153
71.5	-153
72.5	-153
75.5	-153
76.5	-153
-77	-154
-76	-154
-75	-154
-73	-154
-71	-154
-69	-154
-68	-154
-67	-154
-61	-154
-60	-154
-59	-154
-57	-154
-55	-154
-53	-154
-52	-154
-51	-154
-13	-154
-11	-154
-5	-154
-3	-154
3	-154
5	-154
11	-154
13	-154
51	-154
52	-154
53	-154
55	-154
57	-154
59	-154
60	-154
61	-154
67	-154
68	-154
69	-154
71	-154
73	-154
75	-154
76	-154
77	-154
-77.5	-155
-76.5	-155
-75.5	-155
-74.5	-155
-73.5	-155
-72.5	-155
-71.5	-155
-70.5	-155
-69.5	-155
-68.5	-155
-67.5	-155
-66.5	-155
-61.5	-155
-60.5	-155
-59.5	-155
-58.5	-155
-57.5	-155
-56.5	-155
-55.5	-155
-54.5	-155
-53.5	-155
-52.5	-155
-51.5	-155
-50.5	-155
-13.5	-155
-12.5	-155
-11.5	-155
-10.5	-155
-5.5	-155
-4.5	-155
-3.5	-155
-2.5	-155
2.5	-155
3.5	-155
4.5	-155
5.5	-155
10.5	-155
11.5	-155
12.5	-155
13.5	-155
50.5	-155
51.5	-155
52.5	-155
53.5	-155
54.5	-155
55.5	-155
56.5	-155
57.5	-155
58.5	-155
59.5	-155
60.5	-155
61.5	-155
66.5	-155
67.5	-155
68.5	-155
69.5	-155
70.5	-155
71.5	-155
72.5	-155
73.5	-155
74.5	-155
75.5	-155
76.5	-155
77.5	-155
-78	-156
-76	-156
-74	-156
-70	-156
-68	-156
-66	-156
-62	-156
-60	-156
-58	-156
-54	-156
-52	-156
-50	-156
-14	-156
-10	-156
-6	-156
-2	-156
2	-156
6	-156
10	-156
14	-156
50	-156
52	-156
54	-156
58	-156
60	-156
62	-156
66	-156
68	-156
70	-156
74	-156
76	-156
78	-156
-78.5	-157
-77.5	-157
-76.5	-157
-75.5	-157
-74.5	-157
-73.5	-157
-70.5	-157
-69.5	-157
-68.5	-157
-67.5	-157
-66.5	-157
-65.5	-157
-62.5	-157
-61.5	-157
-60.5	-157
-59.5	-157
-58.5	-157
-57.5	-157
-54.5	-157
-53.5	-157
-52.5	-157
-51.5	-157
-50.5	-157
-49.5	-157
-14.5	-157
-13.5	-157
-10.5	-157
-9.5	-157
-6.5	-157
-5.5	-157
-2.5	-157
-1.5	-157
1.5	-157
2.5	-157
5.5	-157
6.5	-157
9.5	-157
10.5	-157
13.5	-157
14.5	-157
49.5	-157
50.5	-157
51.5	-157
52.5	-157
53.5	-157
54.5	-157
57.5	-157
58.5	-157
59.5	-157
60.5	-157
61.5	-157
62.5	-157
65.5	-157
66.5	-157
67.5	-157
68.5	-157
69.5	-157
70.5	-157
73.5	-157
74.5	-157
75.5	-157
76.5	-157
77.5	-157
78.5	-157
-79	-158
-78	-158
-77	-158
-75	-158
-74	-158
-73	-158
-71	-158
-70	-158
-69	-158
-67	-158
-66	-158
-65	-158
-63	-158
-62	-158
-61	-158
-59	-158
-58	-158
-57	-158
-55	-158
-54	-158
-53	-158
-51	-158
-50	-158
-49	-158
-15	-158
-13	-158
-11	-158
-9	-158
-7	-158
-5	-158
-3	-158
-1	-158
1	-158
3	-158
5	-158
7	-158
9	-158
11	-158
13	-158
15	-158
49	-158
50	-158
51	-158
53	-158
54	-158
55	-158
57	-158
58	-158
59	-158
61	-158
62	-158
63	-158
65	-158
66	-158
67	-158
69	-158
70	-158
71	-158
73	-158
74	-158
75	-158
77	-158
78	-158
79	-158
-79.5	-159
-78.5	-159
-77.5	-159
-76.5	-159
-75.5	-159
-74.5	-159
-73.5	-159
-72.5	-159
-71.5	-159
-70.5	-159
-69.5	-159
-68.5	-159
-67.5	-159
-66.5	-159
-65.5	-159
-64.5	-159
-63.5	-159
-62.5	-159
-61.5	-159
-60.5	-159
-59.5	-159
-58.5	-159
-57.5	-159
-56.5	-159
-55.5	-159
-54.5	-159
-53.5	-159
-52.5	-159
-51.5	-159
-50.5	-159
-49.5	-159
-48.5	-159
-15.5	-159
-14.5	-159
-13.5	-159
-12.5	-159
-11.5	-159
-10.5	-159
-9.5	-159
-8.5	-159
-7.5	-159
-6.5	-159
-5.5	-159
-4.5	-159
-3.5	-159
-2.5	-159
-1.5	-159
-0.5	-159
0.5	-159
1.5	-159
2.5	-159
3.5	-159
4.5	-159
5.5	-159
6.5	-159
7.5	-159
8.5	-159
9.5	-159
10.5	-159
11.5	-159
12.5	-159
13.5	-159
14.5	-159
15.5	-159
48.5	-159
49.5	-159
50.5	-159
51.5	-159
52.5	-159
53.5	-159
54.5	-159
55.5	-159
56.5	-159
57.5	-159
58.5	-159
59.5	-159
60.5	-159
61.5	-159
62.5	-159
63.5	-159
64.5	-159
65.5	-159
66.5	-159
67.5	-159
68.5	-159
69.5	-159
70.5	-159
71.5	-159
72.5	-159
73.5	-159
74.5	-159
75.5	-159
76.5	-159
77.5	-159
78.5	-159
79.5	-159
-80	-160
-64	-160
-48	-160
-16	-160
16	-160
48	-160
64	-160
80	-160
-80.5	-161
-79.5	-161
-64.5	-161
-63.5	-161
-48.5	-161
-47.5	-161
-16.5	-161
-15.5	-161
15.5	-161
16.5	-161
47.5	-161
48.5	-161
63.5	-161
64.5	-161
79.5	-161
80.5	-161
-81	-162
-80	-162
-79	-162
-65	-162
-63	-162
-49	-162
-48	-162
-47	-162
-17	-162
-15	-162
15	-162
17	-162
47	-162
48	-162
49	-162
63	-162
65	-162
79	-162
80	-162
81	-162
-81.5	-163
-80.5	-163
-79.5	-163
-78.5	-163
-65.5	-163
-64.5	-163
-63.5	-163
-62.5	-163
-49.5	-163
-48.5	-163
-47.5	-163
-46.5	-163
-17.5	-163
-16.5	-163
-15.5	-163
-14.5	-163
14.5	-163
15.5	-163
16.5	-163
17.5	-163
46.5	-163
47.5	-163
48.5	-163
49.5	-163
62.5	-163
63.5	-163
64.5	-163
65.5	-163
78.5	-163
79.5	-163
80.5	-163
81.5	-163
-82	-164
-80	-164
-78	-164
-66	-164
-62	-164
-50	-164
-48	-164
-46	-164
-18	-164
-14	-164
14	-164
18	-164
46	-164
48	-164
50	-164
62	-164
66	-164
78	-164
80	-164
82	-164
-82.5	-165
-81.5	-165
-80.5	-165
-79.5	-165
-78.5	-165
-77.5	-165
-66.5	-165
-65.5	-165
-62.5	-165
-61.5	-165
-50.5	-165
-49.5	-165
-48.5	-165
-47.5	-165
-46.5	-165
-45.5	-165
-18.5	-165
-17.5	-165
-14.5	-165
-13.5	-165
13.5	-165
14.5	-165
17.5	-165
18.5	-165
45.5	-165
46.5	-165
47.5	-165
48.5	-165
49.5	-165
50.5	-165
61.5	-165
62.5	-165
65.5	-165
66.5	-165
77.5	-165
78.5	-165
79.5	-165
80.5	-165
81.5	-165
82.5	-165
-83	-166
-82	-166
-81	-166
-79	-166
-78	-166
-77	-166
-67	-166
-65	-166
-63	-166
-61	-166
-51	-166
-50	-166
-49	-166
-47	-166
-46	-166
-45	-166
-19	-166
-17	-166
-15	-166
-13	-166
13	-166
15	-166
17	-166
19	-166
45	-166
46	-166
47	-166
49	-166
50	-166
51	-166
61	-166
63	-166
65	-166
67	-166
77	-166
78	-166
79	-166
81	-166
82	-166
83	-166
-83.5	-167
-82.5	-167
-81.5	-167
-80.5	-167
-79.5	-167
-78.5	-167
-77.5	-167
-76.5	-167
-67.5	-167
-66.5	-167
-65.5	-167
-64.5	-167
-63.5	-167
-62.5	-167
-61.5	-167
-60.5	-167
-51.5	-167
-50.5	-167
-49.5	-167
-48.5	-167
-47.5	-167
-46.5	-167
-45.5	-167
-44.5	-167
-19.5	-167
-18.5	-167
-17.5	-167
-16.5	-167
-15.5	-167
-14.5	-167
-13.5	-167
-12.5	-167
12.5	-167
13.5	-167
14.5	-167
15.5	-167
16.5	-167
17.5	-167
18.5	-167
19.5	-167
44.5	-167
45.5	-167
46.5	-167
47.5	-167
48.5	-167
49.5	-167
50.5	-167
51.5	-167
60.5	-167
61.5	-167
62.5	-167
63.5	-167
64.5	-167
65.5	-167
66.5	-167
67.5	-167
76.5	-167
77.5	-167
78.5	-167
79.5	-167
80.5	-167
81.5	-167
82.5	-167
83.5	-167
-84	-168
-80	-168
-76	-168
-68	-168
-60	-168
-52	-168
-48	-168
-44	-168
-20	-168
-12	-168
12	-168
20	-168
44	-168
48	-168
52	-168
60	-168
68	-168
76	-168
80	-168
84	-168
-84.5	-169
-83.5	-169
-80.5	-169
-79.5	-169
-76.5	-169
-75.5	-169
-68.5	-169
-67.5	-169
-60.5	-169
-59.5	-169
-52.5	-169
-51.5	-169
-48.5	-169
-47.5	-169
-44.5	-169
-43.5	-169
-20.5	-169
-19.5	-169
-12.5	-169
-11.5	-169
11.5	-169
12.5	-169
19.5	-169
20.5	-169
43.5	-169
44.5	-169
47.5	-169
48.5	-169
51.5	-169
52.5	-169
59.5	-169
60.5	-169
67.5	-169
68.5	-169
75.5	-169
76.5	-169
79.5	-169
80.5	-169
83.5	-169
84.5	-169
-85	-170
-84	-170
-83	-170
-81	-170
-79	-170
-77	-170
-76	-170
-75	-170
-69	-170
-67	-170
-61	-170
-59	-170
-53	-170
-52	-170
-51	-170
-49	-170
-47	-170
-45	-170
-44	-170
-43	-170
-21	-170
-19	-170
-13	-170
-11	-170
11	-170
13	-170
19	-170
21	-170
43	-170
44	-170
45	-170
47	-170
49	-170
51	-170
52	-170
53	-170
59	-170
61	-170
67	-170
69	-170
75	-170
76	-170
77	-170
79	-170
81	-170
83	-170
84	-170
85	-170
-85.5	-171
-84.5	-171
-83.5	-171
-82.5	-171
-81.5	-171
-80.5	-171
-79.5	-171
-78.5	-171
-77.5	-171
-76.5	-171
-75.5	-171
-74.5	-171
-69.5	-171
-68.5	-171
-67.5	-171
-66.5	-171
-61.5	-171
-60.5	-171
-59.5	-171
-58.5	-171
-53.5	-171
-52.5	-171
-51.5	-171
-50.5	-171
-49.5	-171
-48.5	-171
-47.5	-171
-46.5	-171
-45.5	-171
-44.5	-171
-43.5	-171
-42.5	-171
-21.5	-171
-20.5	-171
-19.5	-171
-18.5	-171
-13.5	-171
-12.5	-171
-11.5	-171
-10.5	-171
10.5	-171
11.5	-171
12.5	-171
13.5	-171
18.5	-171
19.5	-171
20.5	-171
21.5	-171
42.5	-171
43.5	-171
44.5	-171
45.5	-171
46.5	-171
47.5	-171
48.5	-171
49.5	-171
50.5	-171
51.5	-171
52.5	-171
53.5	-171
58.5	-171
59.5	-171
60.5	-171
61.5	-171
66.5	-171
67.5	-171
68.5	-171
69.5	-171
74.5	-171
75.5	-171
76.5	-171
77.5	-171
78.5	-171
79.5	-171
80.5	-171
81.5	-171
82.5	-171
83.5	-171
84.5	-171
85.5	-171
-86	-172
-84	-172
-82	-172
-78	-172
-76	-172
-74	-172
-70	-172
-66	-172
-62	-172
-58	-172
-54	-172
-52	-172
-50	-172
-46	-172
-44	-172
-42	-172
-22	-172
-18	-172
-14	-172
-10	-172
10	-172
14	-172
18	-172
22	-172
42	-172
44	-172
46	-172
50	-172
52	-172
54	-172
58	-172
62	-172
66	-172
70	-172
74	-172
76	-172
78	-172
82	-172
84	-172
86	-172
-86.5	-173
-85.5	-173
-84.5	-173
-83.5	-173
-82.5	-173
-81.5	-173
-78.5	-173
-77.5	-173
-76.5	-173
-75.5	-173
-74.5	-173
-73.5	-173
-70.5	-173
-69.5	-173
-66.5	-173
-65.5	-173
-62.5	-173
-61.5	-173
-58.5	-173
-57.5	-173
-54.5	-173
-53.5	-173
-52.5	-173
-51.5	-173
-50.5	-173
-49.5	-173
-46.5	-173
-45.5	-173
-44.5	-173
-43.5	-173
-42.5	-173
-41.5	-173
-22.5	-173
-21.5	-173
-18.5	-173
-17.5	-173
-14.5	-173
-13.5	-173
-10.5	-173
-9.5	-173
9.5	-173
10.5	-173
13.5	-173
14.5	-173
17.5	-173
18.5	-173
21.5	-173
22.5	-173
41.5	-173
42.5	-173
43.5	-173
44.5	-173
45.5	-173
46.5	-173
49.5	-173
50.5	-173
51.5	-173
52.5	-173
53.5	-173
54.5	-173
57.5	-173
58.5	-173
61.5	-173
62.5	-173
65.5	-173
66.5	-173
69.5	-173
70.5	-173
73.5	-173
74.5	-173
75.5	-173
76.5	-173
77.5	-173
78.5	-173
81.5	-173
82.5	-173
83.5	-173
84.5	-173
85.5	-173
86.5	-173
-87	-174
-86	-174
-85	-174
-83	-174
-82	-174
-81	-174
-79	-174
-78	-174
-77	-174
-75	-174
-74	-174
-73	-174
-71	-174
-69	-174
-67	-174
-65	-174
-63	-174
-61	-174
-59	-174
-57	-174
-55	-174
-54	-174
-53	-174
-51	-174
-50	-174
-49	-174
-47	-174
-46	-174
-45	-174
-43	-174
-42	-174
-41	-174
-23	-174
-21	-174
-19	-174
-17	-174
-15	-174
-13	-174
-11	-174
-9	-174
9	-174
11	-174
13	-174
15	-174
17	-174
19	-174
21	-174
23	-174
41	-174
42	-174
43	-174
45	-174
46	-174
47	-174
49	-174
50	-174
51	-174
53	-174
54	-174
55	-174
57	-174
59	-174
61	-174
63	-174
65	-174
67	-174
69	-174
71	-174
73	-174
74	-174
75	-174
77	-174
78	-174
79	-174
81	-174
82	-174
83	-174
85	-174
86	-174
87	-174
-87.5	-175
-86.5	-175
-85.5	-175
-84.5	-175
-83.5	-175
-82.5	-175
-81.5	-175
-80.5	-175
-79.5	-175
-78.5	-175
-77.5	-175
-76.5	-175
-75.5	-175
-74.5	-175
-73.5	-175
-72.5	-175
-71.5	-175
-70.5	-175
-69.5	-175
-68.5	-175
-67.5	-175
-66.5	-175
-65.5	-175
-64.5	-175
-63.5	-175
-62.5	-175
-61.5	-175
-60.5	-175
-59.5	-175
-58.5	-175
-57.5	-175
-56.5	-175
-55.5	-175
-54.5	-175
-53.5	-175
-52.5	-175
-51.5	-175
-50.5	-175
-49.5	-175
-48.5	-175
-47.5	-175
-46.5	-175
-45.5	-175
-44.5	-175
-43.5	-175
-42.5	-175
-41.5	-175
-40.5	-175
-23.5	-175
-22.5	-175
-21.5	-175
-20.5	-175
-19.5	-175
-18.5	-175
-17.5	-175
-16.5	-175
-15.5	-175
-14.5	-175
-13.5	-175
-12.5	-175
-11.5	-175
-10.5	-175
-9.5	-175
-8.5	-175
8.5	-175
9.5	-175
10.5	-175
11.5	-175
12.5	-175
13.5	-175
14.5	-175
15.5	-175
16.5	-175
17.5	-175
18.5	-175
19.5	-175
20.5	-175
21.5	-175
22.5	-175
23.5	-175
40.5	-175
41.5	-175
42.5	-175
43.5	-175
44.5	-175
45.5	-175
46.5	-175
47.5	-175
48.5	-175
49.5	-175
50.5	-175
51.5	-175
52.5	-175
53.5	-175
54.5	-175
55.5	-175
56.5	-175
57.5	-175
58.5	-175
59.5	-175
60.5	-175
61.5	-175
62.5	-175
63.5	-175
64.5	-175
65.5	-175
66.5	-175
67.5	-175
68.5	-175
69.5	-175
70.5	-175
71.5	-175
72.5	-175
73.5	-175
74.5	-175
75.5	-175
76.5	-175
77.5	-175
78.5	-175
79.5	-175
80.5	-175
81.5	-175
82.5	-175
83.5	-175
84.5	-175
85.5	-175
86.5	-175
87.5	-175
-88	-176
-80	-176
-72	-176
-56	-176
-48	-176
-40	-176
-24	-176
-8	-176
8	-176
24	-176
40	-176
48	-176
56	-176
72	-176
80	-176
88	-176
-88.5	-177
-87.5	-177
-80.5	-177
-79.5	-177
-72.5	-177
-71.5	-177
-56.5	-177
-55.5	-177
-48.5	-177
-47.5	-177
-40.5	-177
-39.5	-177
-24.5	-177
-23.5	-177
-8.5	-177
-7.5	-177
7.5	-177
8.5	-177
23.5	-177
24.5	-177
39.5	-177
40.5	-177
47.5	-177
48.5	-177
55.5	-177
56.5	-177
71.5	-177
72.5	-177
79.5	-177
80.5	-177
87.5	-177
88.5	-177
-89	-178
-88	-178
-87	-178
-81	-178
-79	-178
-73	-178
-72	-178
-71	-178
-57	-178
-56	-178
-55	-178
-49	-178
-47	-178
-41	-178
-40	-178
-39	-178
-25	-178
-23	-178
-9	-178
-7	-178
7	-178
9	-178
23	-178
25	-178
39	-178
40	-178
41	-178
47	-178
49	-178
55	-178
56	-178
57	-178
71	-178
72	-178
73	-178
79	-178
81	-178
87	-178
88	-178
89	-178
-89.5	-179
-88.5	-179
-87.5	-179
-86.5	-179
-81.5	-179
-80.5	-179
-79.5	-179
-78.5	-179
-73.5	-179
-72.5	-179
-71.5	-179
-70.5	-179
-57.5	-179
-56.5	-179
-55.5	-179
-54.5	-179
-49.5	-179
-48.5	-179
-47.5	-179
-46.5	-179
-41.5	-179
-40.5	-179
-39.5	-179
-38.5	-179
-25.5	-179
-24.5	-179
-23.5	-179
-22.5	-179
-9.5	-179
-8.5	-179
-7.5	-179
-6.5	-179
6.5	-179
7.5	-179
8.5	-179
9.5	-179
22.5	-179
23.5	-179
24.5	-179
25.5	-179
38.5	-179
39.5	-179
40.5	-179
41.5	-179
46.5	-179
47.5	-179
48.5	-179
49.5	-179
54.5	-179
55.5	-179
56.5	-179
57.5	-179
70.5	-179
71.5	-179
72.5	-179
73.5	-179
78.5	-179
79.5	-179
80.5	-179
81.5	-179
86.5	-179
87.5	-179
88.5	-179
89.5	-179
-90	-180
-88	-180
-86	-180
-82	-180
-78	-180
-74	-180
-72	-180
-70	-180
-58	-180
-56	-180
-54	-180
-50	-180
-46	-180
-42	-180
-40	-180
-38	-180
-26	-180
-22	-180
-10	-180
-6	-180
6	-180
10	-180
22	-180
26	-180
38	-180
40	-180
42	-180
46	-180
50	-180
54	-180
56	-180
58	-180
70	-180
72	-180
74	-180
78	-180
82	-180
86	-180
88	-180
90	-180
-90.5	-181
-89.5	-181
-88.5	-181
-87.5	-181
-86.5	-181
-85.5	-181
-82.5	-181
-81.5	-181
-78.5	-181
-77.5	-181
-74.5	-181
-73.5	-181
-72.5	-181
-71.5	-181
-70.5	-181
-69.5	-181
-58.5	-181
-57.5	-181
-56.5	-181
-55.5	-181
-54.5	-181
-53.5	-181
-50.5	-181
-49.5	-181
-46.5	-181
-45.5	-181
-42.5	-181
-41.5	-181
-40.5	-181
-39.5	-181
-38.5	-181
-37.5	-181
-26.5	-181
-25.5	-181
-22.5	-181
-21.5	-181
-10.5	-181
-9.5	-181
-6.5	-181
-5.5	-181
5.5	-181
6.5	-181
9.5	-181
10.5	-181
21.5	-181
22.5	-181
25.5	-181
26.5	-181
37.5	-181
38.5	-181
39.5	-181
40.5	-181
41.5	-181
42.5	-181
45.5	-181
46.5	-181
49.5	-181
50.5	-181
53.5	-181
54.5	-181
55.5	-181
56.5	-181
57.5	-181
58.5	-181
69.5	-181
70.5	-181
71.5	-181
72.5	-181
73.5	-181
74.5	-181
77.5	-181
78.5	-181
81.5	-181
82.5	-181
85.5	-181
86.5	-181
87.5	-181
88.5	-181
89.5	-181
90.5	-181
-91	-182
-90	-182
-89	-182
-87	-182
-86	-182
-85	-182
-83	-182
-81	-182
-79	-182
-77	-182
-75	-182
-74	-182
-73	-182
-71	-182
-70	-182
-69	-182
-59	-182
-58	-182
-57	-182
-55	-182
-54	-182
-53	-182
-51	-182
-49	-182
-47	-182
-45	-182
-43	-182
-42	-182
-41	-182
-39	-182
-38	-182
-37	-182
-27	-182
-25	-182
-23	-182
-21	-182
-11	-182
-9	-182
-7	-182
-5	-182
5	-182
7	-182
9	-182
11	-182
21	-182
23	-182
25	-182
27	-182
37	-182
38	-182
39	-182
41	-182
42	-182
43	-182
45	-182
47	-182
49	-182
51	-182
53	-182
54	-182
55	-182
57	-182
58	-182
59	-182
69	-182
70	-182
71	-182
73	-182
74	-182
75	-182
77	-182
79	-182
81	-182
83	-182
85	-182
86	-182
87	-182
89	-182
90	-182
91	-182
-91.5	-183
-90.5	-183
-89.5	-183
-88.5	-183
-87.5	-183
-86.5	-183
-85.5	-183
-84.5	-183
-83.5	-183
-82.5	-183
-81.5	-183
-80.5	-183
-79.5	-183
-78.5	-183
-77.5	-183
-76.5	-183
-75.5	-183
-74.5	-183
-73.5	-183
-72.5	-183
-71.5	-183
-70.5	-183
-69.5	-183
-68.5	-183
-59.5	-183
-58.5	-183
-57.5	-183
-56.5	-183
-55.5	-183
-54.5	-183
-53.5	-183
-52.5	-183
-51.5	-183
-50.5	-183
-49.5	-183
-48.5	-183
-47.5	-183
-46.5	-183
-45.5	-183
-44.5	-183
-43.5	-183
-42.5	-183
-41.5	-183
-40.5	-183
-39.5	-183
-38.5	-183
-37.5	-183
-36.5	-183
-27.5	-183
-26.5	-183
-25.5	-183
-24.5	-183
-23.5	-183
-22.5	-183
-21.5	-183
-20.5	-183
-11.5	-183
-10.5	-183
-9.5	-183
-8.5	-183
-7.5	-183
-6.5	-183
-5.5	-183
-4.5	-183
4.5	-183
5.5	-183
6.5	-183
7.5	-183
8.5	-183
9.5	-183
10.5	-183
11.5	-183
20.5	-183
21.5	-183
22.5	-183
23.5	-183
24.5	-183
25.5	-183
26.5	-183
27.5	-183
36.5	-183
37.5	-183
38.5	-183
39.5	-183
40.5	-183
41.5	-183
42.5	-183
43.5	-183
44.5	-183
45.5	-183
46.5	-183
47.5	-183
48.5	-183
49.5	-183
50.5	-183
51.5	-183
52.5	-183
53.5	-183
54.5	-183
55.5	-183
56.5	-183
57.5	-183
58.5	-183
59.5	-183
68.5	-183
69.5	-183
70.5	-183
71.5	-183
72.5	-183
73.5	-183
74.5	-183
75.5	-183
76.5	-183
77.5	-183
78.5	-183
79.5	-183
80.5	-183
81.5	-183
82.5	-183
83.5	-183
84.5	-183
85.5	-183
86.5	-183
87.5	-183
88.5	-183
89.5	-183
90.5	-183
91.5	-183
-92	-184
-88	-184
-84	-184
-76	-184
-72	-184
-68	-184
-60	-184
-56	-184
-52	-184
-44	-184
-40	-184
-36	-184
-28	-184
-20	-184
-12	-184
-4	-184
4	-184
12	-184
20	-184
28	-184
36	-184
40	-184
44	-184
52	-184
56	-184
60	-184
68	-184
72	-184
76	-184
84	-184
88	-184
92	-184
-92.5	-185
-91.5	-185
-88.5	-185
-87.5	-185
-84.5	-185
-83.5	-185
-76.5	-185
-75.5	-185
-72.5	-185
-71.5	-185
-68.5	-185
-67.5	-185
-60.5	-185
-59.5	-185
-56.5	-185
-55.5	-185
-52.5	-185
-51.5	-185
-44.5	-185
-43.5	-185
-40.5	-185
-39.5	-185
-36.5	-185
-35.5	-185
-28.5	-185
-27.5	-185
-20.5	-185
-19.5	-185
-12.5	-185
-11.5	-185
-4.5	-185
-3.5	-185
3.5	-185
4.5	-185
11.5	-185
12.5	-185
19.5	-185
20.5	-185
27.5	-185
28.5	-185
35.5	-185
36.5	-185
39.5	-185
40.5	-185
43.5	-185
44.5	-185
51.5	-185
52.5	-185
55.5	-185
56.5	-185
59.5	-185
60.5	-185
67.5	-185
68.5	-185
71.5	-185
72.5	-185
75.5	-185
76.5	-185
83.5	-185
84.5	-185
87.5	-185
88.5	-185
91.5	-185
92.5	-185
-93	-186
-92	-186
-91	-186
-89	-186
-87	-186
-85	-186
-84	-186
-83	-186
-77	-186
-76	-186
-75	-186
-73	-186
-71	-186
-69	-186
-68	-186
-67	-186
-61	-186
-60	-186
-59	-186
-57	-186
-55	-186
-53	-186
-52	-186
-51	-186
-45	-186
-44	-186
-43	-186
-41	-186
-39	-186
-37	-186
-36	-186
-35	-186
-29	-186
-27	-186
-21	-186
-19	-186
-13	-186
-11	-186
-5	-186
-3	-186
3	-186
5	-186
11	-186
13	-186
19	-186
21	-186
27	-186
29	-186
35	-186
36	-186
37	-186
39	-186
41	-186
43	-186
44	-186
45	-186
51	-186
52	-186
53	-186
55	-186
57	-186
59	-186
60	-186
61	-186
67	-186
68	-186
69	-186
71	-186
73	-186
75	-186
76	-186
77	-186
83	-186
84	-186
85	-186
87	-186
89	-186
91	-186
92	-186
93	-186
-93.5	-187
-92.5	-187
-91.5	-187
-90.5	-187
-89.5	-187
-88.5	-187
-87.5	-187
-86.5	-187
-85.5	-187
-84.5	-187
-83.5	-187
-82.5	-187
-77.5	-187
-76.5	-187
-75.5	-187
-74.5	-187
-73.5	-187
-72.5	-187
-71.5	-187
-70.5	-187
-69.5	-187
-68.5	-187
-67.5	-187
-66.5	-187
-61.5	-187
-60.5	-187
-59.5	-187
-58.5	-187
-57.5	-187
-56.5	-187
-55.5	-187
-54.5	-187
-53.5	-187
-52.5	-187
-51.5	-187
-50.5	-187
-45.5	-187
-44.5	-187
-43.5	-187
-42.5	-187
-41.5	-187
-40.5	-187
-39.5	-187
-38.5	-187
-37.5	-187
-36.5	-187
-35.5	-187
-34.5	-187
-29.5	-187
-28.5	-187
-27.5	-187
-26.5	-187
-21.5	-187
-20.5	-187
-19.5	-187
-18.5	-187
-13.5	-187
-12.5	-187
-11.5	-187
-10.5	-187
-5.5	-187
-4.5	-187
-3.5	-187
-2.5	-187
2.5	-187
3.5	-187
4.5	-187
5.5	-187
10.5	-187
11.5	-187
12.5	-187
13.5	-187
18.5	-187
19.5	-187
20.5	-187
21.5	-187
26.5	-187
27.5	-187
28.5	-187
29.5	-187
34.5	-187
35.5	-187
36.5	-187
37.5	-187
38.5	-187
39.5	-187
40.5	-187
41.5	-187
42.5	-187
43.5	-187
44.5	-187
45.5	-187
50.5	-187
51.5	-187
52.5	-187
53.5	-187
54.5	-187
55.5	-187
56.5	-187
57.5	-187
58.5	-187
59.5	-187
60.5	-187
61.5	-187
66.5	-187
67.5	-187
68.5	-187
69.5	-187
70.5	-187
71.5	-187
72.5	-187
73.5	-187
74.5	-187
75.5	-187
76.5	-187
77.5	-187
82.5	-187
83.5	-187
84.5	-187
85.5	-187
86.5	-187
87.5	-187
88.5	-187
89.5	-187
90.5	-187
91.5	-187
92.5	-187
93.5	-187
-94	-188
-92	-188
-90	-188
-86	-188
-84	-188
-82	-188
-78	-188
-76	-188
-74	-188
-70	-188
-68	-188
-66	-188
-62	-188
-60	-188
-58	-188
-54	-188
-52	-188
-50	-188
-46	-188
-44	-188
-42	-188
-38	-188
-36	-188
-34	-188
-30	-188
-26	-188
-22	-188
-18	-188
-14	-188
-10	-188
-6	-188
-2	-188
2	-188
6	-188
10	-188
14	-188
18	-188
22	-188
26	-188
30	-188
34	-188
36	-188
38	-188
42	-188
44	-188
46	-188
50	-188
52	-188
54	-188
58	-188
60	-188
62	-188
66	-188
68	-188
70	-188
74	-188
76	-188
78	-188
82	-188
84	-188
86	-188
90	-188
92	-188
94	-188
-94.5	-189
-93.5	-189
-92.5	-189
-91.5	-189
-90.5	-189
-89.5	-189
-86.5	-189
-85.5	-189
-84.5	-189
-83.5	-189
-82.5	-189
-81.5	-189
-78.5	-189
-77.5	-189
-76.5	-189
-75.5	-189
-74.5	-189
-73.5	-189
-70.5	-189
-69.5	-189
-68.5	-189
-67.5	-189
-66.5	-189
-65.5	-189
-62.5	-189
-61.5	-189
-60.5	-189
-59.5	-189
-58.5	-189
-57.5	-189
-54.5	-189
-53.5	-189
-52.5	-189
-51.5	-189
-50.5	-189
-49.5	-189
-46.5	-189
-45.5	-189
-44.5	-189
-43.5	-189
-42.5	-189
-41.5	-189
-38.5	-189
-37.5	-189
-36.5	-189
-35.5	-189
-34.5	-189
-33.5	-189
-30.5	-189
-29.5	-189
-26.5	-189
-25.5	-189
-22.5	-189
-21.5	-189
-18.5	-189
-17.5	-189
-14.5	-189
-13.5	-189
-10.5	-189
-9.5	-189
-6.5	-189
-5.5	-189
-2.5	-189
-1.5	-189
1.5	-189
2.5	-189
5.5	-189
6.5	-189
9.5	-189
10.5	-189
13.5	-189
14.5	-189
17.5	-189
18.5	-189
21.5	-189
22.5	-189
25.5	-189
26.5	-189
29.5	-189
30.5	-189
33.5	-189
34.5	-189
35.5	-189
36.5	-189
37.5	-189
38.5	-189
41.5	-189
42.5	-189
43.5	-189
44.5	-189
45.5	-189
46.5	-189
49.5	-189
50.5	-189
51.5	-189
52.5	-189
53.5	-189
54.5	-189
57.5	-189
58.5	-189
59.5	-189
60.5	-189
61.5	-189
62.5	-189
65.5	-189
66.5	-189
67.5	-189
68.5	-189
69.5	-189
70.5	-189
73.5	-189
74.5	-189
75.5	-189
76.5	-189
77.5	-189
78.5	-189
81.5	-189
82.5	-189
83.5	-189
84.5	-189
85.5	-189
86.5	-189
89.5	-189
90.5	-189
91.5	-189
92.5	-189
93.5	-189
94.5	-189
-95	-190
-94	-190
-93	-190
-91	-190
-90	-190
-89	-190
-87	-190
-86	-190
-85	-190
-83	-190
-82	-190
-81	-190
-79	-190
-78	-190
-77	-190
-75	-190
-74	-190
-73	-190
-71	-190
-70	-190
-69	-190
-67	-190
-66	-190
-65	-190
-63	-190
-62	-190
-61	-190
-59	-190
-58	-190
-57	-190
-55	-190
-54	-190
-53	-190
-51	-190
-50	-190
-49	-190
-47	-190
-46	-190
-45	-190
-43	-190
-42	-190
-41	-190
-39	-190
-38	-190
-37	-190
-35	-190
-34	-190
-33	-190
-31	-190
-29	-190
-27	-190
-25	-190
-23	-190
-21	-190
-19	-190
-17	-190
-15	-190
-13	-190
-11	-190
-9	-190
-7	-190
-5	-190
-3	-190
-1	-190
1	-190
3	-190
5	-190
7	-190
9	-190
11	-190
13	-190
15	-190
17	-190
19	-190
21	-190
23	-190
25	-190
27	-190
29	-190
31	-190
33	-190
34	-190
35	-190
37	-190
38	-190
39	-190
41	-190
42	-190
43	-190
45	-190
46	-190
47	-190
49	-190
50	-190
51	-190
53	-190
54	-190
55	-190
57	-190
58	-190
59	-190
61	-190
62	-190
63	-190
65	-190
66	-190
67	-190
69	-190
70	-190
71	-190
73	-190
74	-190
75	-190
77	-190
78	-190
79	-190
81	-190
82	-190
83	-190
85	-190
86	-190
87	-190
89	-190
90	-190
91	-190
93	-190
94	-190
95	-190
-95.5	-191
-94.5	-191
-93.5	-191
-92.5	-191
-91.5	-191
-90.5	-191
-89.5	-191
-88.5	-191
-87.5	-191
-86.5	-191
-85.5	-191
-84.5	-191
-83.5	-191
-82.5	-191
-81.5	-191
-80.5	-191
-79.5	-191
-78.5	-191
-77.5	-191
-76.5	-191
-75.5	-191
-74.5	-191
-73.5	-191
-72.5	-191
-71.5	-191
-70.5	-191
-69.5	-191
-68.5	-191
-67.5	-191
-66.5	-191
-65.5	-191
-64.5	-191
-63.5	-191
-62.5	-191
-61.5	-191
-60.5	-191
-59.5	-191
-58.5	-191
-57.5	-191
-56.5	-191
-55.5	-191
-54.5	-191
-53.5	-191
-52.5	-191
-51.5	-191
-50.5	-191
-49.5	-191
-48.5	-191
-47.5	-191
-46.5	-191
-45.5	-191
-44.5	-191
-43.5	-191
-42.5	-191
-41.5	-191
-40.5	-191
-39.5	-191
-38.5	-191
-37.5	-191
-36.5	-191
-35.5	-191
-34.5	-191
-33.5	-191
-32.5	-191
-31.5	-191
-30.5	-191
-29.5	-191
-28.5	-191
-27.5	-191
-26.5	-191
-25.5	-191
-24.5	-191
-23.5	-191
-22.5	-191
-21.5	-191
-20.5	-191
-19.5	-191
-18.5	-191
-17.5	-191
-16.5	-191
-15.5	-191
-14.5	-191
-13.5	-191
-12.5	-191
-11.5	-191
-10.5	-191
-9.5	-191
-8.5	-191
-7.5	-191
-6.5	-191
-5.5	-191
-4.5	-191
-3.5	-191
-2.5	-191
-1.5	-191
-0.5	-191
0.5	-191
1.5	-191
2.5	-191
3.5	-191
4.5	-191
5.5	-191
6.5	-191
7.5	-191
8.5	-191
9.5	-191
10.5	-191
11.5	-191
12.5	-191
13.5	-191
14.5	-191
15.5	-191
16.5	-191
17.5	-191
18.5	-191
19.5	-191
20.5	-191
21.5	-191
22.5	-191
23.5	-191
24.5	-191
25.5	-191
26.5	-191
27.5	-191
28.5	-191
29.5	-191
30.5	-191
31.5	-191
32.5	-191
33.5	-191
34.5	-191
35.5	-191
36.5	-191
37.5	-191
38.5	-191
39.5	-191
40.5	-191
41.5	-191
42.5	-191
43.5	-191
44.5	-191
45.5	-191
46.5	-191
47.5	-191
48.5	-191
49.5	-191
50.5	-191
51.5	-191
52.5	-191
53.5	-191
54.5	-191
55.5	-191
56.5	-191
57.5	-191
58.5	-191
59.5	-191
60.5	-191
61.5	-191
62.5	-191
63.5	-191
64.5	-191
65.5	-191
66.5	-191
67.5	-191
68.5	-191
69.5	-191
70.5	-191
71.5	-191
72.5	-191
73.5	-191
74.5	-191
75.5	-191
76.5	-191
77.5	-191
78.5	-191
79.5	-191
80.5	-191
81.5	-191
82.5	-191
83.5	-191
84.5	-191
85.5	-191
86.5	-191
87.5	-191
88.5	-191
89.5	-191
90.5	-191
91.5	-191
92.5	-191
93.5	-191
94.5	-191
95.5	-191
