#63 div-> 2
0	0
-0.5	-1
0.5	-1
-1	-2
1	-2
-1.5	-3
-0.5	-3
0.5	-3
1.5	-3
-2	-4
2	-4
-2.5	-5
-1.5	-5
1.5	-5
2.5	-5
-3	-6
-1	-6
1	-6
3	-6
-3.5	-7
-2.5	-7
-1.5	-7
-0.5	-7
0.5	-7
1.5	-7
2.5	-7
3.5	-7
-4	-8
4	-8
-4.5	-9
-3.5	-9
3.5	-9
4.5	-9
-5	-10
-3	-10
3	-10
5	-10
-5.5	-11
-4.5	-11
-3.5	-11
-2.5	-11
2.5	-11
3.5	-11
4.5	-11
5.5	-11
-6	-12
-2	-12
2	-12
6	-12
-6.5	-13
-5.5	-13
-2.5	-13
-1.5	-13
1.5	-13
2.5	-13
5.5	-13
6.5	-13
-7	-14
-5	-14
-3	-14
-1	-14
1	-14
3	-14
5	-14
7	-14
-7.5	-15
-6.5	-15
-5.5	-15
-4.5	-15
-3.5	-15
-2.5	-15
-1.5	-15
-0.5	-15
0.5	-15
1.5	-15
2.5	-15
3.5	-15
4.5	-15
5.5	-15
6.5	-15
7.5	-15
-8	-16
8	-16
-8.5	-17
-7.5	-17
7.5	-17
8.5	-17
-9	-18
-7	-18
7	-18
9	-18
-9.5	-19
-8.5	-19
-7.5	-19
-6.5	-19
6.5	-19
7.5	-19
8.5	-19
9.5	-19
-10	-20
-6	-20
6	-20
10	-20
-10.5	-21
-9.5	-21
-6.5	-21
-5.5	-21
5.5	-21
6.5	-21
9.5	-21
10.5	-21
-11	-22
-9	-22
-7	-22
-5	-22
5	-22
7	-22
9	-22
11	-22
-11.5	-23
-10.5	-23
-9.5	-23
-8.5	-23
-7.5	-23
-6.5	-23
-5.5	-23
-4.5	-23
4.5	-23
5.5	-23
6.5	-23
7.5	-23
8.5	-23
9.5	-23
10.5	-23
11.5	-23
-12	-24
-4	-24
4	-24
12	-24
-12.5	-25
-11.5	-25
-4.5	-25
-3.5	-25
3.5	-25
4.5	-25
11.5	-25
12.5	-25
-13	-26
-11	-26
-5	-26
-3	-26
3	-26
5	-26
11	-26
13	-26
-13.5	-27
-12.5	-27
-11.5	-27
-10.5	-27
-5.5	-27
-4.5	-27
-3.5	-27
-2.5	-27
2.5	-27
3.5	-27
4.5	-27
5.5	-27
10.5	-27
11.5	-27
12.5	-27
13.5	-27
-14	-28
-10	-28
-6	-28
-2	-28
2	-28
6	-28
10	-28
14	-28
-14.5	-29
-13.5	-29
-10.5	-29
-9.5	-29
-6.5	-29
-5.5	-29
-2.5	-29
-1.5	-29
1.5	-29
2.5	-29
5.5	-29
6.5	-29
9.5	-29
10.5	-29
13.5	-29
14.5	-29
-15	-30
-13	-30
-11	-30
-9	-30
-7	-30
-5	-30
-3	-30
-1	-30
1	-30
3	-30
5	-30
7	-30
9	-30
11	-30
13	-30
15	-30
-15.5	-31
-14.5	-31
-13.5	-31
-12.5	-31
-11.5	-31
-10.5	-31
-9.5	-31
-8.5	-31
-7.5	-31
-6.5	-31
-5.5	-31
-4.5	-31
-3.5	-31
-2.5	-31
-1.5	-31
-0.5	-31
0.5	-31
1.5	-31
2.5	-31
3.5	-31
4.5	-31
5.5	-31
6.5	-31
7.5	-31
8.5	-31
9.5	-31
10.5	-31
11.5	-31
12.5	-31
13.5	-31
14.5	-31
15.5	-31
-16	-32
16	-32
-16.5	-33
-15.5	-33
15.5	-33
16.5	-33
-17	-34
-15	-34
15	-34
17	-34
-17.5	-35
-16.5	-35
-15.5	-35
-14.5	-35
14.5	-35
15.5	-35
16.5	-35
17.5	-35
-18	-36
-14	-36
14	-36
18	-36
-18.5	-37
-17.5	-37
-14.5	-37
-13.5	-37
13.5	-37
14.5	-37
17.5	-37
18.5	-37
-19	-38
-17	-38
-15	-38
-13	-38
13	-38
15	-38
17	-38
19	-38
-19.5	-39
-18.5	-39
-17.5	-39
-16.5	-39
-15.5	-39
-14.5	-39
-13.5	-39
-12.5	-39
12.5	-39
13.5	-39
14.5	-39
15.5	-39
16.5	-39
17.5	-39
18.5	-39
19.5	-39
-20	-40
-12	-40
12	-40
20	-40
-20.5	-41
-19.5	-41
-12.5	-41
-11.5	-41
11.5	-41
12.5	-41
19.5	-41
20.5	-41
-21	-42
-19	-42
-13	-42
-11	-42
11	-42
13	-42
19	-42
21	-42
-21.5	-43
-20.5	-43
-19.5	-43
-18.5	-43
-13.5	-43
-12.5	-43
-11.5	-43
-10.5	-43
10.5	-43
11.5	-43
12.5	-43
13.5	-43
18.5	-43
19.5	-43
20.5	-43
21.5	-43
-22	-44
-18	-44
-14	-44
-10	-44
10	-44
14	-44
18	-44
22	-44
-22.5	-45
-21.5	-45
-18.5	-45
-17.5	-45
-14.5	-45
-13.5	-45
-10.5	-45
-9.5	-45
9.5	-45
10.5	-45
13.5	-45
14.5	-45
17.5	-45
18.5	-45
21.5	-45
22.5	-45
-23	-46
-21	-46
-19	-46
-17	-46
-15	-46
-13	-46
-11	-46
-9	-46
9	-46
11	-46
13	-46
15	-46
17	-46
19	-46
21	-46
23	-46
-23.5	-47
-22.5	-47
-21.5	-47
-20.5	-47
-19.5	-47
-18.5	-47
-17.5	-47
-16.5	-47
-15.5	-47
-14.5	-47
-13.5	-47
-12.5	-47
-11.5	-47
-10.5	-47
-9.5	-47
-8.5	-47
8.5	-47
9.5	-47
10.5	-47
11.5	-47
12.5	-47
13.5	-47
14.5	-47
15.5	-47
16.5	-47
17.5	-47
18.5	-47
19.5	-47
20.5	-47
21.5	-47
22.5	-47
23.5	-47
-24	-48
-8	-48
8	-48
24	-48
-24.5	-49
-23.5	-49
-8.5	-49
-7.5	-49
7.5	-49
8.5	-49
23.5	-49
24.5	-49
-25	-50
-23	-50
-9	-50
-7	-50
7	-50
9	-50
23	-50
25	-50
-25.5	-51
-24.5	-51
-23.5	-51
-22.5	-51
-9.5	-51
-8.5	-51
-7.5	-51
-6.5	-51
6.5	-51
7.5	-51
8.5	-51
9.5	-51
22.5	-51
23.5	-51
24.5	-51
25.5	-51
-26	-52
-22	-52
-10	-52
-6	-52
6	-52
10	-52
22	-52
26	-52
-26.5	-53
-25.5	-53
-22.5	-53
-21.5	-53
-10.5	-53
-9.5	-53
-6.5	-53
-5.5	-53
5.5	-53
6.5	-53
9.5	-53
10.5	-53
21.5	-53
22.5	-53
25.5	-53
26.5	-53
-27	-54
-25	-54
-23	-54
-21	-54
-11	-54
-9	-54
-7	-54
-5	-54
5	-54
7	-54
9	-54
11	-54
21	-54
23	-54
25	-54
27	-54
-27.5	-55
-26.5	-55
-25.5	-55
-24.5	-55
-23.5	-55
-22.5	-55
-21.5	-55
-20.5	-55
-11.5	-55
-10.5	-55
-9.5	-55
-8.5	-55
-7.5	-55
-6.5	-55
-5.5	-55
-4.5	-55
4.5	-55
5.5	-55
6.5	-55
7.5	-55
8.5	-55
9.5	-55
10.5	-55
11.5	-55
20.5	-55
21.5	-55
22.5	-55
23.5	-55
24.5	-55
25.5	-55
26.5	-55
27.5	-55
-28	-56
-20	-56
-12	-56
-4	-56
4	-56
12	-56
20	-56
28	-56
-28.5	-57
-27.5	-57
-20.5	-57
-19.5	-57
-12.5	-57
-11.5	-57
-4.5	-57
-3.5	-57
3.5	-57
4.5	-57
11.5	-57
12.5	-57
19.5	-57
20.5	-57
27.5	-57
28.5	-57
-29	-58
-27	-58
-21	-58
-19	-58
-13	-58
-11	-58
-5	-58
-3	-58
3	-58
5	-58
11	-58
13	-58
19	-58
21	-58
27	-58
29	-58
-29.5	-59
-28.5	-59
-27.5	-59
-26.5	-59
-21.5	-59
-20.5	-59
-19.5	-59
-18.5	-59
-13.5	-59
-12.5	-59
-11.5	-59
-10.5	-59
-5.5	-59
-4.5	-59
-3.5	-59
-2.5	-59
2.5	-59
3.5	-59
4.5	-59
5.5	-59
10.5	-59
11.5	-59
12.5	-59
13.5	-59
18.5	-59
19.5	-59
20.5	-59
21.5	-59
26.5	-59
27.5	-59
28.5	-59
29.5	-59
-30	-60
-26	-60
-22	-60
-18	-60
-14	-60
-10	-60
-6	-60
-2	-60
2	-60
6	-60
10	-60
14	-60
18	-60
22	-60
26	-60
30	-60
-30.5	-61
-29.5	-61
-26.5	-61
-25.5	-61
-22.5	-61
-21.5	-61
-18.5	-61
-17.5	-61
-14.5	-61
-13.5	-61
-10.5	-61
-9.5	-61
-6.5	-61
-5.5	-61
-2.5	-61
-1.5	-61
1.5	-61
2.5	-61
5.5	-61
6.5	-61
9.5	-61
10.5	-61
13.5	-61
14.5	-61
17.5	-61
18.5	-61
21.5	-61
22.5	-61
25.5	-61
26.5	-61
29.5	-61
30.5	-61
-31	-62
-29	-62
-27	-62
-25	-62
-23	-62
-21	-62
-19	-62
-17	-62
-15	-62
-13	-62
-11	-62
-9	-62
-7	-62
-5	-62
-3	-62
-1	-62
1	-62
3	-62
5	-62
7	-62
9	-62
11	-62
13	-62
15	-62
17	-62
19	-62
21	-62
23	-62
25	-62
27	-62
29	-62
31	-62
-31.5	-63
-30.5	-63
-29.5	-63
-28.5	-63
-27.5	-63
-26.5	-63
-25.5	-63
-24.5	-63
-23.5	-63
-22.5	-63
-21.5	-63
-20.5	-63
-19.5	-63
-18.5	-63
-17.5	-63
-16.5	-63
-15.5	-63
-14.5	-63
-13.5	-63
-12.5	-63
-11.5	-63
-10.5	-63
-9.5	-63
-8.5	-63
-7.5	-63
-6.5	-63
-5.5	-63
-4.5	-63
-3.5	-63
-2.5	-63
-1.5	-63
-0.5	-63
0.5	-63
1.5	-63
2.5	-63
3.5	-63
4.5	-63
5.5	-63
6.5	-63
7.5	-63
8.5	-63
9.5	-63
10.5	-63
11.5	-63
12.5	-63
13.5	-63
14.5	-63
15.5	-63
16.5	-63
17.5	-63
18.5	-63
19.5	-63
20.5	-63
21.5	-63
22.5	-63
23.5	-63
24.5	-63
25.5	-63
26.5	-63
27.5	-63
28.5	-63
29.5	-63
30.5	-63
31.5	-63
