#D=255; div=2
0	0
-0.5	-1
0.5	-1
-1	-2
1	-2
-1.5	-3
-0.5	-3
0.5	-3
1.5	-3
-2	-4
2	-4
-2.5	-5
-1.5	-5
1.5	-5
2.5	-5
-3	-6
-1	-6
1	-6
3	-6
-3.5	-7
-2.5	-7
-1.5	-7
-0.5	-7
0.5	-7
1.5	-7
2.5	-7
3.5	-7
-4	-8
4	-8
-4.5	-9
-3.5	-9
3.5	-9
4.5	-9
-5	-10
-3	-10
3	-10
5	-10
-5.5	-11
-4.5	-11
-3.5	-11
-2.5	-11
2.5	-11
3.5	-11
4.5	-11
5.5	-11
-6	-12
-2	-12
2	-12
6	-12
-6.5	-13
-5.5	-13
-2.5	-13
-1.5	-13
1.5	-13
2.5	-13
5.5	-13
6.5	-13
-7	-14
-5	-14
-3	-14
-1	-14
1	-14
3	-14
5	-14
7	-14
-7.5	-15
-6.5	-15
-5.5	-15
-4.5	-15
-3.5	-15
-2.5	-15
-1.5	-15
-0.5	-15
0.5	-15
1.5	-15
2.5	-15
3.5	-15
4.5	-15
5.5	-15
6.5	-15
7.5	-15
-8	-16
8	-16
-8.5	-17
-7.5	-17
7.5	-17
8.5	-17
-9	-18
-7	-18
7	-18
9	-18
-9.5	-19
-8.5	-19
-7.5	-19
-6.5	-19
6.5	-19
7.5	-19
8.5	-19
9.5	-19
-10	-20
-6	-20
6	-20
10	-20
-10.5	-21
-9.5	-21
-6.5	-21
-5.5	-21
5.5	-21
6.5	-21
9.5	-21
10.5	-21
-11	-22
-9	-22
-7	-22
-5	-22
5	-22
7	-22
9	-22
11	-22
-11.5	-23
-10.5	-23
-9.5	-23
-8.5	-23
-7.5	-23
-6.5	-23
-5.5	-23
-4.5	-23
4.5	-23
5.5	-23
6.5	-23
7.5	-23
8.5	-23
9.5	-23
10.5	-23
11.5	-23
-12	-24
-4	-24
4	-24
12	-24
-12.5	-25
-11.5	-25
-4.5	-25
-3.5	-25
3.5	-25
4.5	-25
11.5	-25
12.5	-25
-13	-26
-11	-26
-5	-26
-3	-26
3	-26
5	-26
11	-26
13	-26
-13.5	-27
-12.5	-27
-11.5	-27
-10.5	-27
-5.5	-27
-4.5	-27
-3.5	-27
-2.5	-27
2.5	-27
3.5	-27
4.5	-27
5.5	-27
10.5	-27
11.5	-27
12.5	-27
13.5	-27
-14	-28
-10	-28
-6	-28
-2	-28
2	-28
6	-28
10	-28
14	-28
-14.5	-29
-13.5	-29
-10.5	-29
-9.5	-29
-6.5	-29
-5.5	-29
-2.5	-29
-1.5	-29
1.5	-29
2.5	-29
5.5	-29
6.5	-29
9.5	-29
10.5	-29
13.5	-29
14.5	-29
-15	-30
-13	-30
-11	-30
-9	-30
-7	-30
-5	-30
-3	-30
-1	-30
1	-30
3	-30
5	-30
7	-30
9	-30
11	-30
13	-30
15	-30
-15.5	-31
-14.5	-31
-13.5	-31
-12.5	-31
-11.5	-31
-10.5	-31
-9.5	-31
-8.5	-31
-7.5	-31
-6.5	-31
-5.5	-31
-4.5	-31
-3.5	-31
-2.5	-31
-1.5	-31
-0.5	-31
0.5	-31
1.5	-31
2.5	-31
3.5	-31
4.5	-31
5.5	-31
6.5	-31
7.5	-31
8.5	-31
9.5	-31
10.5	-31
11.5	-31
12.5	-31
13.5	-31
14.5	-31
15.5	-31
-16	-32
16	-32
-16.5	-33
-15.5	-33
15.5	-33
16.5	-33
-17	-34
-15	-34
15	-34
17	-34
-17.5	-35
-16.5	-35
-15.5	-35
-14.5	-35
14.5	-35
15.5	-35
16.5	-35
17.5	-35
-18	-36
-14	-36
14	-36
18	-36
-18.5	-37
-17.5	-37
-14.5	-37
-13.5	-37
13.5	-37
14.5	-37
17.5	-37
18.5	-37
-19	-38
-17	-38
-15	-38
-13	-38
13	-38
15	-38
17	-38
19	-38
-19.5	-39
-18.5	-39
-17.5	-39
-16.5	-39
-15.5	-39
-14.5	-39
-13.5	-39
-12.5	-39
12.5	-39
13.5	-39
14.5	-39
15.5	-39
16.5	-39
17.5	-39
18.5	-39
19.5	-39
-20	-40
-12	-40
12	-40
20	-40
-20.5	-41
-19.5	-41
-12.5	-41
-11.5	-41
11.5	-41
12.5	-41
19.5	-41
20.5	-41
-21	-42
-19	-42
-13	-42
-11	-42
11	-42
13	-42
19	-42
21	-42
-21.5	-43
-20.5	-43
-19.5	-43
-18.5	-43
-13.5	-43
-12.5	-43
-11.5	-43
-10.5	-43
10.5	-43
11.5	-43
12.5	-43
13.5	-43
18.5	-43
19.5	-43
20.5	-43
21.5	-43
-22	-44
-18	-44
-14	-44
-10	-44
10	-44
14	-44
18	-44
22	-44
-22.5	-45
-21.5	-45
-18.5	-45
-17.5	-45
-14.5	-45
-13.5	-45
-10.5	-45
-9.5	-45
9.5	-45
10.5	-45
13.5	-45
14.5	-45
17.5	-45
18.5	-45
21.5	-45
22.5	-45
-23	-46
-21	-46
-19	-46
-17	-46
-15	-46
-13	-46
-11	-46
-9	-46
9	-46
11	-46
13	-46
15	-46
17	-46
19	-46
21	-46
23	-46
-23.5	-47
-22.5	-47
-21.5	-47
-20.5	-47
-19.5	-47
-18.5	-47
-17.5	-47
-16.5	-47
-15.5	-47
-14.5	-47
-13.5	-47
-12.5	-47
-11.5	-47
-10.5	-47
-9.5	-47
-8.5	-47
8.5	-47
9.5	-47
10.5	-47
11.5	-47
12.5	-47
13.5	-47
14.5	-47
15.5	-47
16.5	-47
17.5	-47
18.5	-47
19.5	-47
20.5	-47
21.5	-47
22.5	-47
23.5	-47
-24	-48
-8	-48
8	-48
24	-48
-24.5	-49
-23.5	-49
-8.5	-49
-7.5	-49
7.5	-49
8.5	-49
23.5	-49
24.5	-49
-25	-50
-23	-50
-9	-50
-7	-50
7	-50
9	-50
23	-50
25	-50
-25.5	-51
-24.5	-51
-23.5	-51
-22.5	-51
-9.5	-51
-8.5	-51
-7.5	-51
-6.5	-51
6.5	-51
7.5	-51
8.5	-51
9.5	-51
22.5	-51
23.5	-51
24.5	-51
25.5	-51
-26	-52
-22	-52
-10	-52
-6	-52
6	-52
10	-52
22	-52
26	-52
-26.5	-53
-25.5	-53
-22.5	-53
-21.5	-53
-10.5	-53
-9.5	-53
-6.5	-53
-5.5	-53
5.5	-53
6.5	-53
9.5	-53
10.5	-53
21.5	-53
22.5	-53
25.5	-53
26.5	-53
-27	-54
-25	-54
-23	-54
-21	-54
-11	-54
-9	-54
-7	-54
-5	-54
5	-54
7	-54
9	-54
11	-54
21	-54
23	-54
25	-54
27	-54
-27.5	-55
-26.5	-55
-25.5	-55
-24.5	-55
-23.5	-55
-22.5	-55
-21.5	-55
-20.5	-55
-11.5	-55
-10.5	-55
-9.5	-55
-8.5	-55
-7.5	-55
-6.5	-55
-5.5	-55
-4.5	-55
4.5	-55
5.5	-55
6.5	-55
7.5	-55
8.5	-55
9.5	-55
10.5	-55
11.5	-55
20.5	-55
21.5	-55
22.5	-55
23.5	-55
24.5	-55
25.5	-55
26.5	-55
27.5	-55
-28	-56
-20	-56
-12	-56
-4	-56
4	-56
12	-56
20	-56
28	-56
-28.5	-57
-27.5	-57
-20.5	-57
-19.5	-57
-12.5	-57
-11.5	-57
-4.5	-57
-3.5	-57
3.5	-57
4.5	-57
11.5	-57
12.5	-57
19.5	-57
20.5	-57
27.5	-57
28.5	-57
-29	-58
-27	-58
-21	-58
-19	-58
-13	-58
-11	-58
-5	-58
-3	-58
3	-58
5	-58
11	-58
13	-58
19	-58
21	-58
27	-58
29	-58
-29.5	-59
-28.5	-59
-27.5	-59
-26.5	-59
-21.5	-59
-20.5	-59
-19.5	-59
-18.5	-59
-13.5	-59
-12.5	-59
-11.5	-59
-10.5	-59
-5.5	-59
-4.5	-59
-3.5	-59
-2.5	-59
2.5	-59
3.5	-59
4.5	-59
5.5	-59
10.5	-59
11.5	-59
12.5	-59
13.5	-59
18.5	-59
19.5	-59
20.5	-59
21.5	-59
26.5	-59
27.5	-59
28.5	-59
29.5	-59
-30	-60
-26	-60
-22	-60
-18	-60
-14	-60
-10	-60
-6	-60
-2	-60
2	-60
6	-60
10	-60
14	-60
18	-60
22	-60
26	-60
30	-60
-30.5	-61
-29.5	-61
-26.5	-61
-25.5	-61
-22.5	-61
-21.5	-61
-18.5	-61
-17.5	-61
-14.5	-61
-13.5	-61
-10.5	-61
-9.5	-61
-6.5	-61
-5.5	-61
-2.5	-61
-1.5	-61
1.5	-61
2.5	-61
5.5	-61
6.5	-61
9.5	-61
10.5	-61
13.5	-61
14.5	-61
17.5	-61
18.5	-61
21.5	-61
22.5	-61
25.5	-61
26.5	-61
29.5	-61
30.5	-61
-31	-62
-29	-62
-27	-62
-25	-62
-23	-62
-21	-62
-19	-62
-17	-62
-15	-62
-13	-62
-11	-62
-9	-62
-7	-62
-5	-62
-3	-62
-1	-62
1	-62
3	-62
5	-62
7	-62
9	-62
11	-62
13	-62
15	-62
17	-62
19	-62
21	-62
23	-62
25	-62
27	-62
29	-62
31	-62
-31.5	-63
-30.5	-63
-29.5	-63
-28.5	-63
-27.5	-63
-26.5	-63
-25.5	-63
-24.5	-63
-23.5	-63
-22.5	-63
-21.5	-63
-20.5	-63
-19.5	-63
-18.5	-63
-17.5	-63
-16.5	-63
-15.5	-63
-14.5	-63
-13.5	-63
-12.5	-63
-11.5	-63
-10.5	-63
-9.5	-63
-8.5	-63
-7.5	-63
-6.5	-63
-5.5	-63
-4.5	-63
-3.5	-63
-2.5	-63
-1.5	-63
-0.5	-63
0.5	-63
1.5	-63
2.5	-63
3.5	-63
4.5	-63
5.5	-63
6.5	-63
7.5	-63
8.5	-63
9.5	-63
10.5	-63
11.5	-63
12.5	-63
13.5	-63
14.5	-63
15.5	-63
16.5	-63
17.5	-63
18.5	-63
19.5	-63
20.5	-63
21.5	-63
22.5	-63
23.5	-63
24.5	-63
25.5	-63
26.5	-63
27.5	-63
28.5	-63
29.5	-63
30.5	-63
31.5	-63
-32	-64
32	-64
-32.5	-65
-31.5	-65
31.5	-65
32.5	-65
-33	-66
-31	-66
31	-66
33	-66
-33.5	-67
-32.5	-67
-31.5	-67
-30.5	-67
30.5	-67
31.5	-67
32.5	-67
33.5	-67
-34	-68
-30	-68
30	-68
34	-68
-34.5	-69
-33.5	-69
-30.5	-69
-29.5	-69
29.5	-69
30.5	-69
33.5	-69
34.5	-69
-35	-70
-33	-70
-31	-70
-29	-70
29	-70
31	-70
33	-70
35	-70
-35.5	-71
-34.5	-71
-33.5	-71
-32.5	-71
-31.5	-71
-30.5	-71
-29.5	-71
-28.5	-71
28.5	-71
29.5	-71
30.5	-71
31.5	-71
32.5	-71
33.5	-71
34.5	-71
35.5	-71
-36	-72
-28	-72
28	-72
36	-72
-36.5	-73
-35.5	-73
-28.5	-73
-27.5	-73
27.5	-73
28.5	-73
35.5	-73
36.5	-73
-37	-74
-35	-74
-29	-74
-27	-74
27	-74
29	-74
35	-74
37	-74
-37.5	-75
-36.5	-75
-35.5	-75
-34.5	-75
-29.5	-75
-28.5	-75
-27.5	-75
-26.5	-75
26.5	-75
27.5	-75
28.5	-75
29.5	-75
34.5	-75
35.5	-75
36.5	-75
37.5	-75
-38	-76
-34	-76
-30	-76
-26	-76
26	-76
30	-76
34	-76
38	-76
-38.5	-77
-37.5	-77
-34.5	-77
-33.5	-77
-30.5	-77
-29.5	-77
-26.5	-77
-25.5	-77
25.5	-77
26.5	-77
29.5	-77
30.5	-77
33.5	-77
34.5	-77
37.5	-77
38.5	-77
-39	-78
-37	-78
-35	-78
-33	-78
-31	-78
-29	-78
-27	-78
-25	-78
25	-78
27	-78
29	-78
31	-78
33	-78
35	-78
37	-78
39	-78
-39.5	-79
-38.5	-79
-37.5	-79
-36.5	-79
-35.5	-79
-34.5	-79
-33.5	-79
-32.5	-79
-31.5	-79
-30.5	-79
-29.5	-79
-28.5	-79
-27.5	-79
-26.5	-79
-25.5	-79
-24.5	-79
24.5	-79
25.5	-79
26.5	-79
27.5	-79
28.5	-79
29.5	-79
30.5	-79
31.5	-79
32.5	-79
33.5	-79
34.5	-79
35.5	-79
36.5	-79
37.5	-79
38.5	-79
39.5	-79
-40	-80
-24	-80
24	-80
40	-80
-40.5	-81
-39.5	-81
-24.5	-81
-23.5	-81
23.5	-81
24.5	-81
39.5	-81
40.5	-81
-41	-82
-39	-82
-25	-82
-23	-82
23	-82
25	-82
39	-82
41	-82
-41.5	-83
-40.5	-83
-39.5	-83
-38.5	-83
-25.5	-83
-24.5	-83
-23.5	-83
-22.5	-83
22.5	-83
23.5	-83
24.5	-83
25.5	-83
38.5	-83
39.5	-83
40.5	-83
41.5	-83
-42	-84
-38	-84
-26	-84
-22	-84
22	-84
26	-84
38	-84
42	-84
-42.5	-85
-41.5	-85
-38.5	-85
-37.5	-85
-26.5	-85
-25.5	-85
-22.5	-85
-21.5	-85
21.5	-85
22.5	-85
25.5	-85
26.5	-85
37.5	-85
38.5	-85
41.5	-85
42.5	-85
-43	-86
-41	-86
-39	-86
-37	-86
-27	-86
-25	-86
-23	-86
-21	-86
21	-86
23	-86
25	-86
27	-86
37	-86
39	-86
41	-86
43	-86
-43.5	-87
-42.5	-87
-41.5	-87
-40.5	-87
-39.5	-87
-38.5	-87
-37.5	-87
-36.5	-87
-27.5	-87
-26.5	-87
-25.5	-87
-24.5	-87
-23.5	-87
-22.5	-87
-21.5	-87
-20.5	-87
20.5	-87
21.5	-87
22.5	-87
23.5	-87
24.5	-87
25.5	-87
26.5	-87
27.5	-87
36.5	-87
37.5	-87
38.5	-87
39.5	-87
40.5	-87
41.5	-87
42.5	-87
43.5	-87
-44	-88
-36	-88
-28	-88
-20	-88
20	-88
28	-88
36	-88
44	-88
-44.5	-89
-43.5	-89
-36.5	-89
-35.5	-89
-28.5	-89
-27.5	-89
-20.5	-89
-19.5	-89
19.5	-89
20.5	-89
27.5	-89
28.5	-89
35.5	-89
36.5	-89
43.5	-89
44.5	-89
-45	-90
-43	-90
-37	-90
-35	-90
-29	-90
-27	-90
-21	-90
-19	-90
19	-90
21	-90
27	-90
29	-90
35	-90
37	-90
43	-90
45	-90
-45.5	-91
-44.5	-91
-43.5	-91
-42.5	-91
-37.5	-91
-36.5	-91
-35.5	-91
-34.5	-91
-29.5	-91
-28.5	-91
-27.5	-91
-26.5	-91
-21.5	-91
-20.5	-91
-19.5	-91
-18.5	-91
18.5	-91
19.5	-91
20.5	-91
21.5	-91
26.5	-91
27.5	-91
28.5	-91
29.5	-91
34.5	-91
35.5	-91
36.5	-91
37.5	-91
42.5	-91
43.5	-91
44.5	-91
45.5	-91
-46	-92
-42	-92
-38	-92
-34	-92
-30	-92
-26	-92
-22	-92
-18	-92
18	-92
22	-92
26	-92
30	-92
34	-92
38	-92
42	-92
46	-92
-46.5	-93
-45.5	-93
-42.5	-93
-41.5	-93
-38.5	-93
-37.5	-93
-34.5	-93
-33.5	-93
-30.5	-93
-29.5	-93
-26.5	-93
-25.5	-93
-22.5	-93
-21.5	-93
-18.5	-93
-17.5	-93
17.5	-93
18.5	-93
21.5	-93
22.5	-93
25.5	-93
26.5	-93
29.5	-93
30.5	-93
33.5	-93
34.5	-93
37.5	-93
38.5	-93
41.5	-93
42.5	-93
45.5	-93
46.5	-93
-47	-94
-45	-94
-43	-94
-41	-94
-39	-94
-37	-94
-35	-94
-33	-94
-31	-94
-29	-94
-27	-94
-25	-94
-23	-94
-21	-94
-19	-94
-17	-94
17	-94
19	-94
21	-94
23	-94
25	-94
27	-94
29	-94
31	-94
33	-94
35	-94
37	-94
39	-94
41	-94
43	-94
45	-94
47	-94
-47.5	-95
-46.5	-95
-45.5	-95
-44.5	-95
-43.5	-95
-42.5	-95
-41.5	-95
-40.5	-95
-39.5	-95
-38.5	-95
-37.5	-95
-36.5	-95
-35.5	-95
-34.5	-95
-33.5	-95
-32.5	-95
-31.5	-95
-30.5	-95
-29.5	-95
-28.5	-95
-27.5	-95
-26.5	-95
-25.5	-95
-24.5	-95
-23.5	-95
-22.5	-95
-21.5	-95
-20.5	-95
-19.5	-95
-18.5	-95
-17.5	-95
-16.5	-95
16.5	-95
17.5	-95
18.5	-95
19.5	-95
20.5	-95
21.5	-95
22.5	-95
23.5	-95
24.5	-95
25.5	-95
26.5	-95
27.5	-95
28.5	-95
29.5	-95
30.5	-95
31.5	-95
32.5	-95
33.5	-95
34.5	-95
35.5	-95
36.5	-95
37.5	-95
38.5	-95
39.5	-95
40.5	-95
41.5	-95
42.5	-95
43.5	-95
44.5	-95
45.5	-95
46.5	-95
47.5	-95
-48	-96
-16	-96
16	-96
48	-96
-48.5	-97
-47.5	-97
-16.5	-97
-15.5	-97
15.5	-97
16.5	-97
47.5	-97
48.5	-97
-49	-98
-47	-98
-17	-98
-15	-98
15	-98
17	-98
47	-98
49	-98
-49.5	-99
-48.5	-99
-47.5	-99
-46.5	-99
-17.5	-99
-16.5	-99
-15.5	-99
-14.5	-99
14.5	-99
15.5	-99
16.5	-99
17.5	-99
46.5	-99
47.5	-99
48.5	-99
49.5	-99
-50	-100
-46	-100
-18	-100
-14	-100
14	-100
18	-100
46	-100
50	-100
-50.5	-101
-49.5	-101
-46.5	-101
-45.5	-101
-18.5	-101
-17.5	-101
-14.5	-101
-13.5	-101
13.5	-101
14.5	-101
17.5	-101
18.5	-101
45.5	-101
46.5	-101
49.5	-101
50.5	-101
-51	-102
-49	-102
-47	-102
-45	-102
-19	-102
-17	-102
-15	-102
-13	-102
13	-102
15	-102
17	-102
19	-102
45	-102
47	-102
49	-102
51	-102
-51.5	-103
-50.5	-103
-49.5	-103
-48.5	-103
-47.5	-103
-46.5	-103
-45.5	-103
-44.5	-103
-19.5	-103
-18.5	-103
-17.5	-103
-16.5	-103
-15.5	-103
-14.5	-103
-13.5	-103
-12.5	-103
12.5	-103
13.5	-103
14.5	-103
15.5	-103
16.5	-103
17.5	-103
18.5	-103
19.5	-103
44.5	-103
45.5	-103
46.5	-103
47.5	-103
48.5	-103
49.5	-103
50.5	-103
51.5	-103
-52	-104
-44	-104
-20	-104
-12	-104
12	-104
20	-104
44	-104
52	-104
-52.5	-105
-51.5	-105
-44.5	-105
-43.5	-105
-20.5	-105
-19.5	-105
-12.5	-105
-11.5	-105
11.5	-105
12.5	-105
19.5	-105
20.5	-105
43.5	-105
44.5	-105
51.5	-105
52.5	-105
-53	-106
-51	-106
-45	-106
-43	-106
-21	-106
-19	-106
-13	-106
-11	-106
11	-106
13	-106
19	-106
21	-106
43	-106
45	-106
51	-106
53	-106
-53.5	-107
-52.5	-107
-51.5	-107
-50.5	-107
-45.5	-107
-44.5	-107
-43.5	-107
-42.5	-107
-21.5	-107
-20.5	-107
-19.5	-107
-18.5	-107
-13.5	-107
-12.5	-107
-11.5	-107
-10.5	-107
10.5	-107
11.5	-107
12.5	-107
13.5	-107
18.5	-107
19.5	-107
20.5	-107
21.5	-107
42.5	-107
43.5	-107
44.5	-107
45.5	-107
50.5	-107
51.5	-107
52.5	-107
53.5	-107
-54	-108
-50	-108
-46	-108
-42	-108
-22	-108
-18	-108
-14	-108
-10	-108
10	-108
14	-108
18	-108
22	-108
42	-108
46	-108
50	-108
54	-108
-54.5	-109
-53.5	-109
-50.5	-109
-49.5	-109
-46.5	-109
-45.5	-109
-42.5	-109
-41.5	-109
-22.5	-109
-21.5	-109
-18.5	-109
-17.5	-109
-14.5	-109
-13.5	-109
-10.5	-109
-9.5	-109
9.5	-109
10.5	-109
13.5	-109
14.5	-109
17.5	-109
18.5	-109
21.5	-109
22.5	-109
41.5	-109
42.5	-109
45.5	-109
46.5	-109
49.5	-109
50.5	-109
53.5	-109
54.5	-109
-55	-110
-53	-110
-51	-110
-49	-110
-47	-110
-45	-110
-43	-110
-41	-110
-23	-110
-21	-110
-19	-110
-17	-110
-15	-110
-13	-110
-11	-110
-9	-110
9	-110
11	-110
13	-110
15	-110
17	-110
19	-110
21	-110
23	-110
41	-110
43	-110
45	-110
47	-110
49	-110
51	-110
53	-110
55	-110
-55.5	-111
-54.5	-111
-53.5	-111
-52.5	-111
-51.5	-111
-50.5	-111
-49.5	-111
-48.5	-111
-47.5	-111
-46.5	-111
-45.5	-111
-44.5	-111
-43.5	-111
-42.5	-111
-41.5	-111
-40.5	-111
-23.5	-111
-22.5	-111
-21.5	-111
-20.5	-111
-19.5	-111
-18.5	-111
-17.5	-111
-16.5	-111
-15.5	-111
-14.5	-111
-13.5	-111
-12.5	-111
-11.5	-111
-10.5	-111
-9.5	-111
-8.5	-111
8.5	-111
9.5	-111
10.5	-111
11.5	-111
12.5	-111
13.5	-111
14.5	-111
15.5	-111
16.5	-111
17.5	-111
18.5	-111
19.5	-111
20.5	-111
21.5	-111
22.5	-111
23.5	-111
40.5	-111
41.5	-111
42.5	-111
43.5	-111
44.5	-111
45.5	-111
46.5	-111
47.5	-111
48.5	-111
49.5	-111
50.5	-111
51.5	-111
52.5	-111
53.5	-111
54.5	-111
55.5	-111
-56	-112
-40	-112
-24	-112
-8	-112
8	-112
24	-112
40	-112
56	-112
-56.5	-113
-55.5	-113
-40.5	-113
-39.5	-113
-24.5	-113
-23.5	-113
-8.5	-113
-7.5	-113
7.5	-113
8.5	-113
23.5	-113
24.5	-113
39.5	-113
40.5	-113
55.5	-113
56.5	-113
-57	-114
-55	-114
-41	-114
-39	-114
-25	-114
-23	-114
-9	-114
-7	-114
7	-114
9	-114
23	-114
25	-114
39	-114
41	-114
55	-114
57	-114
-57.5	-115
-56.5	-115
-55.5	-115
-54.5	-115
-41.5	-115
-40.5	-115
-39.5	-115
-38.5	-115
-25.5	-115
-24.5	-115
-23.5	-115
-22.5	-115
-9.5	-115
-8.5	-115
-7.5	-115
-6.5	-115
6.5	-115
7.5	-115
8.5	-115
9.5	-115
22.5	-115
23.5	-115
24.5	-115
25.5	-115
38.5	-115
39.5	-115
40.5	-115
41.5	-115
54.5	-115
55.5	-115
56.5	-115
57.5	-115
-58	-116
-54	-116
-42	-116
-38	-116
-26	-116
-22	-116
-10	-116
-6	-116
6	-116
10	-116
22	-116
26	-116
38	-116
42	-116
54	-116
58	-116
-58.5	-117
-57.5	-117
-54.5	-117
-53.5	-117
-42.5	-117
-41.5	-117
-38.5	-117
-37.5	-117
-26.5	-117
-25.5	-117
-22.5	-117
-21.5	-117
-10.5	-117
-9.5	-117
-6.5	-117
-5.5	-117
5.5	-117
6.5	-117
9.5	-117
10.5	-117
21.5	-117
22.5	-117
25.5	-117
26.5	-117
37.5	-117
38.5	-117
41.5	-117
42.5	-117
53.5	-117
54.5	-117
57.5	-117
58.5	-117
-59	-118
-57	-118
-55	-118
-53	-118
-43	-118
-41	-118
-39	-118
-37	-118
-27	-118
-25	-118
-23	-118
-21	-118
-11	-118
-9	-118
-7	-118
-5	-118
5	-118
7	-118
9	-118
11	-118
21	-118
23	-118
25	-118
27	-118
37	-118
39	-118
41	-118
43	-118
53	-118
55	-118
57	-118
59	-118
-59.5	-119
-58.5	-119
-57.5	-119
-56.5	-119
-55.5	-119
-54.5	-119
-53.5	-119
-52.5	-119
-43.5	-119
-42.5	-119
-41.5	-119
-40.5	-119
-39.5	-119
-38.5	-119
-37.5	-119
-36.5	-119
-27.5	-119
-26.5	-119
-25.5	-119
-24.5	-119
-23.5	-119
-22.5	-119
-21.5	-119
-20.5	-119
-11.5	-119
-10.5	-119
-9.5	-119
-8.5	-119
-7.5	-119
-6.5	-119
-5.5	-119
-4.5	-119
4.5	-119
5.5	-119
6.5	-119
7.5	-119
8.5	-119
9.5	-119
10.5	-119
11.5	-119
20.5	-119
21.5	-119
22.5	-119
23.5	-119
24.5	-119
25.5	-119
26.5	-119
27.5	-119
36.5	-119
37.5	-119
38.5	-119
39.5	-119
40.5	-119
41.5	-119
42.5	-119
43.5	-119
52.5	-119
53.5	-119
54.5	-119
55.5	-119
56.5	-119
57.5	-119
58.5	-119
59.5	-119
-60	-120
-52	-120
-44	-120
-36	-120
-28	-120
-20	-120
-12	-120
-4	-120
4	-120
12	-120
20	-120
28	-120
36	-120
44	-120
52	-120
60	-120
-60.5	-121
-59.5	-121
-52.5	-121
-51.5	-121
-44.5	-121
-43.5	-121
-36.5	-121
-35.5	-121
-28.5	-121
-27.5	-121
-20.5	-121
-19.5	-121
-12.5	-121
-11.5	-121
-4.5	-121
-3.5	-121
3.5	-121
4.5	-121
11.5	-121
12.5	-121
19.5	-121
20.5	-121
27.5	-121
28.5	-121
35.5	-121
36.5	-121
43.5	-121
44.5	-121
51.5	-121
52.5	-121
59.5	-121
60.5	-121
-61	-122
-59	-122
-53	-122
-51	-122
-45	-122
-43	-122
-37	-122
-35	-122
-29	-122
-27	-122
-21	-122
-19	-122
-13	-122
-11	-122
-5	-122
-3	-122
3	-122
5	-122
11	-122
13	-122
19	-122
21	-122
27	-122
29	-122
35	-122
37	-122
43	-122
45	-122
51	-122
53	-122
59	-122
61	-122
-61.5	-123
-60.5	-123
-59.5	-123
-58.5	-123
-53.5	-123
-52.5	-123
-51.5	-123
-50.5	-123
-45.5	-123
-44.5	-123
-43.5	-123
-42.5	-123
-37.5	-123
-36.5	-123
-35.5	-123
-34.5	-123
-29.5	-123
-28.5	-123
-27.5	-123
-26.5	-123
-21.5	-123
-20.5	-123
-19.5	-123
-18.5	-123
-13.5	-123
-12.5	-123
-11.5	-123
-10.5	-123
-5.5	-123
-4.5	-123
-3.5	-123
-2.5	-123
2.5	-123
3.5	-123
4.5	-123
5.5	-123
10.5	-123
11.5	-123
12.5	-123
13.5	-123
18.5	-123
19.5	-123
20.5	-123
21.5	-123
26.5	-123
27.5	-123
28.5	-123
29.5	-123
34.5	-123
35.5	-123
36.5	-123
37.5	-123
42.5	-123
43.5	-123
44.5	-123
45.5	-123
50.5	-123
51.5	-123
52.5	-123
53.5	-123
58.5	-123
59.5	-123
60.5	-123
61.5	-123
-62	-124
-58	-124
-54	-124
-50	-124
-46	-124
-42	-124
-38	-124
-34	-124
-30	-124
-26	-124
-22	-124
-18	-124
-14	-124
-10	-124
-6	-124
-2	-124
2	-124
6	-124
10	-124
14	-124
18	-124
22	-124
26	-124
30	-124
34	-124
38	-124
42	-124
46	-124
50	-124
54	-124
58	-124
62	-124
-62.5	-125
-61.5	-125
-58.5	-125
-57.5	-125
-54.5	-125
-53.5	-125
-50.5	-125
-49.5	-125
-46.5	-125
-45.5	-125
-42.5	-125
-41.5	-125
-38.5	-125
-37.5	-125
-34.5	-125
-33.5	-125
-30.5	-125
-29.5	-125
-26.5	-125
-25.5	-125
-22.5	-125
-21.5	-125
-18.5	-125
-17.5	-125
-14.5	-125
-13.5	-125
-10.5	-125
-9.5	-125
-6.5	-125
-5.5	-125
-2.5	-125
-1.5	-125
1.5	-125
2.5	-125
5.5	-125
6.5	-125
9.5	-125
10.5	-125
13.5	-125
14.5	-125
17.5	-125
18.5	-125
21.5	-125
22.5	-125
25.5	-125
26.5	-125
29.5	-125
30.5	-125
33.5	-125
34.5	-125
37.5	-125
38.5	-125
41.5	-125
42.5	-125
45.5	-125
46.5	-125
49.5	-125
50.5	-125
53.5	-125
54.5	-125
57.5	-125
58.5	-125
61.5	-125
62.5	-125
-63	-126
-61	-126
-59	-126
-57	-126
-55	-126
-53	-126
-51	-126
-49	-126
-47	-126
-45	-126
-43	-126
-41	-126
-39	-126
-37	-126
-35	-126
-33	-126
-31	-126
-29	-126
-27	-126
-25	-126
-23	-126
-21	-126
-19	-126
-17	-126
-15	-126
-13	-126
-11	-126
-9	-126
-7	-126
-5	-126
-3	-126
-1	-126
1	-126
3	-126
5	-126
7	-126
9	-126
11	-126
13	-126
15	-126
17	-126
19	-126
21	-126
23	-126
25	-126
27	-126
29	-126
31	-126
33	-126
35	-126
37	-126
39	-126
41	-126
43	-126
45	-126
47	-126
49	-126
51	-126
53	-126
55	-126
57	-126
59	-126
61	-126
63	-126
-63.5	-127
-62.5	-127
-61.5	-127
-60.5	-127
-59.5	-127
-58.5	-127
-57.5	-127
-56.5	-127
-55.5	-127
-54.5	-127
-53.5	-127
-52.5	-127
-51.5	-127
-50.5	-127
-49.5	-127
-48.5	-127
-47.5	-127
-46.5	-127
-45.5	-127
-44.5	-127
-43.5	-127
-42.5	-127
-41.5	-127
-40.5	-127
-39.5	-127
-38.5	-127
-37.5	-127
-36.5	-127
-35.5	-127
-34.5	-127
-33.5	-127
-32.5	-127
-31.5	-127
-30.5	-127
-29.5	-127
-28.5	-127
-27.5	-127
-26.5	-127
-25.5	-127
-24.5	-127
-23.5	-127
-22.5	-127
-21.5	-127
-20.5	-127
-19.5	-127
-18.5	-127
-17.5	-127
-16.5	-127
-15.5	-127
-14.5	-127
-13.5	-127
-12.5	-127
-11.5	-127
-10.5	-127
-9.5	-127
-8.5	-127
-7.5	-127
-6.5	-127
-5.5	-127
-4.5	-127
-3.5	-127
-2.5	-127
-1.5	-127
-0.5	-127
0.5	-127
1.5	-127
2.5	-127
3.5	-127
4.5	-127
5.5	-127
6.5	-127
7.5	-127
8.5	-127
9.5	-127
10.5	-127
11.5	-127
12.5	-127
13.5	-127
14.5	-127
15.5	-127
16.5	-127
17.5	-127
18.5	-127
19.5	-127
20.5	-127
21.5	-127
22.5	-127
23.5	-127
24.5	-127
25.5	-127
26.5	-127
27.5	-127
28.5	-127
29.5	-127
30.5	-127
31.5	-127
32.5	-127
33.5	-127
34.5	-127
35.5	-127
36.5	-127
37.5	-127
38.5	-127
39.5	-127
40.5	-127
41.5	-127
42.5	-127
43.5	-127
44.5	-127
45.5	-127
46.5	-127
47.5	-127
48.5	-127
49.5	-127
50.5	-127
51.5	-127
52.5	-127
53.5	-127
54.5	-127
55.5	-127
56.5	-127
57.5	-127
58.5	-127
59.5	-127
60.5	-127
61.5	-127
62.5	-127
63.5	-127
-64	-128
64	-128
-64.5	-129
-63.5	-129
63.5	-129
64.5	-129
-65	-130
-63	-130
63	-130
65	-130
-65.5	-131
-64.5	-131
-63.5	-131
-62.5	-131
62.5	-131
63.5	-131
64.5	-131
65.5	-131
-66	-132
-62	-132
62	-132
66	-132
-66.5	-133
-65.5	-133
-62.5	-133
-61.5	-133
61.5	-133
62.5	-133
65.5	-133
66.5	-133
-67	-134
-65	-134
-63	-134
-61	-134
61	-134
63	-134
65	-134
67	-134
-67.5	-135
-66.5	-135
-65.5	-135
-64.5	-135
-63.5	-135
-62.5	-135
-61.5	-135
-60.5	-135
60.5	-135
61.5	-135
62.5	-135
63.5	-135
64.5	-135
65.5	-135
66.5	-135
67.5	-135
-68	-136
-60	-136
60	-136
68	-136
-68.5	-137
-67.5	-137
-60.5	-137
-59.5	-137
59.5	-137
60.5	-137
67.5	-137
68.5	-137
-69	-138
-67	-138
-61	-138
-59	-138
59	-138
61	-138
67	-138
69	-138
-69.5	-139
-68.5	-139
-67.5	-139
-66.5	-139
-61.5	-139
-60.5	-139
-59.5	-139
-58.5	-139
58.5	-139
59.5	-139
60.5	-139
61.5	-139
66.5	-139
67.5	-139
68.5	-139
69.5	-139
-70	-140
-66	-140
-62	-140
-58	-140
58	-140
62	-140
66	-140
70	-140
-70.5	-141
-69.5	-141
-66.5	-141
-65.5	-141
-62.5	-141
-61.5	-141
-58.5	-141
-57.5	-141
57.5	-141
58.5	-141
61.5	-141
62.5	-141
65.5	-141
66.5	-141
69.5	-141
70.5	-141
-71	-142
-69	-142
-67	-142
-65	-142
-63	-142
-61	-142
-59	-142
-57	-142
57	-142
59	-142
61	-142
63	-142
65	-142
67	-142
69	-142
71	-142
-71.5	-143
-70.5	-143
-69.5	-143
-68.5	-143
-67.5	-143
-66.5	-143
-65.5	-143
-64.5	-143
-63.5	-143
-62.5	-143
-61.5	-143
-60.5	-143
-59.5	-143
-58.5	-143
-57.5	-143
-56.5	-143
56.5	-143
57.5	-143
58.5	-143
59.5	-143
60.5	-143
61.5	-143
62.5	-143
63.5	-143
64.5	-143
65.5	-143
66.5	-143
67.5	-143
68.5	-143
69.5	-143
70.5	-143
71.5	-143
-72	-144
-56	-144
56	-144
72	-144
-72.5	-145
-71.5	-145
-56.5	-145
-55.5	-145
55.5	-145
56.5	-145
71.5	-145
72.5	-145
-73	-146
-71	-146
-57	-146
-55	-146
55	-146
57	-146
71	-146
73	-146
-73.5	-147
-72.5	-147
-71.5	-147
-70.5	-147
-57.5	-147
-56.5	-147
-55.5	-147
-54.5	-147
54.5	-147
55.5	-147
56.5	-147
57.5	-147
70.5	-147
71.5	-147
72.5	-147
73.5	-147
-74	-148
-70	-148
-58	-148
-54	-148
54	-148
58	-148
70	-148
74	-148
-74.5	-149
-73.5	-149
-70.5	-149
-69.5	-149
-58.5	-149
-57.5	-149
-54.5	-149
-53.5	-149
53.5	-149
54.5	-149
57.5	-149
58.5	-149
69.5	-149
70.5	-149
73.5	-149
74.5	-149
-75	-150
-73	-150
-71	-150
-69	-150
-59	-150
-57	-150
-55	-150
-53	-150
53	-150
55	-150
57	-150
59	-150
69	-150
71	-150
73	-150
75	-150
-75.5	-151
-74.5	-151
-73.5	-151
-72.5	-151
-71.5	-151
-70.5	-151
-69.5	-151
-68.5	-151
-59.5	-151
-58.5	-151
-57.5	-151
-56.5	-151
-55.5	-151
-54.5	-151
-53.5	-151
-52.5	-151
52.5	-151
53.5	-151
54.5	-151
55.5	-151
56.5	-151
57.5	-151
58.5	-151
59.5	-151
68.5	-151
69.5	-151
70.5	-151
71.5	-151
72.5	-151
73.5	-151
74.5	-151
75.5	-151
-76	-152
-68	-152
-60	-152
-52	-152
52	-152
60	-152
68	-152
76	-152
-76.5	-153
-75.5	-153
-68.5	-153
-67.5	-153
-60.5	-153
-59.5	-153
-52.5	-153
-51.5	-153
51.5	-153
52.5	-153
59.5	-153
60.5	-153
67.5	-153
68.5	-153
75.5	-153
76.5	-153
-77	-154
-75	-154
-69	-154
-67	-154
-61	-154
-59	-154
-53	-154
-51	-154
51	-154
53	-154
59	-154
61	-154
67	-154
69	-154
75	-154
77	-154
-77.5	-155
-76.5	-155
-75.5	-155
-74.5	-155
-69.5	-155
-68.5	-155
-67.5	-155
-66.5	-155
-61.5	-155
-60.5	-155
-59.5	-155
-58.5	-155
-53.5	-155
-52.5	-155
-51.5	-155
-50.5	-155
50.5	-155
51.5	-155
52.5	-155
53.5	-155
58.5	-155
59.5	-155
60.5	-155
61.5	-155
66.5	-155
67.5	-155
68.5	-155
69.5	-155
74.5	-155
75.5	-155
76.5	-155
77.5	-155
-78	-156
-74	-156
-70	-156
-66	-156
-62	-156
-58	-156
-54	-156
-50	-156
50	-156
54	-156
58	-156
62	-156
66	-156
70	-156
74	-156
78	-156
-78.5	-157
-77.5	-157
-74.5	-157
-73.5	-157
-70.5	-157
-69.5	-157
-66.5	-157
-65.5	-157
-62.5	-157
-61.5	-157
-58.5	-157
-57.5	-157
-54.5	-157
-53.5	-157
-50.5	-157
-49.5	-157
49.5	-157
50.5	-157
53.5	-157
54.5	-157
57.5	-157
58.5	-157
61.5	-157
62.5	-157
65.5	-157
66.5	-157
69.5	-157
70.5	-157
73.5	-157
74.5	-157
77.5	-157
78.5	-157
-79	-158
-77	-158
-75	-158
-73	-158
-71	-158
-69	-158
-67	-158
-65	-158
-63	-158
-61	-158
-59	-158
-57	-158
-55	-158
-53	-158
-51	-158
-49	-158
49	-158
51	-158
53	-158
55	-158
57	-158
59	-158
61	-158
63	-158
65	-158
67	-158
69	-158
71	-158
73	-158
75	-158
77	-158
79	-158
-79.5	-159
-78.5	-159
-77.5	-159
-76.5	-159
-75.5	-159
-74.5	-159
-73.5	-159
-72.5	-159
-71.5	-159
-70.5	-159
-69.5	-159
-68.5	-159
-67.5	-159
-66.5	-159
-65.5	-159
-64.5	-159
-63.5	-159
-62.5	-159
-61.5	-159
-60.5	-159
-59.5	-159
-58.5	-159
-57.5	-159
-56.5	-159
-55.5	-159
-54.5	-159
-53.5	-159
-52.5	-159
-51.5	-159
-50.5	-159
-49.5	-159
-48.5	-159
48.5	-159
49.5	-159
50.5	-159
51.5	-159
52.5	-159
53.5	-159
54.5	-159
55.5	-159
56.5	-159
57.5	-159
58.5	-159
59.5	-159
60.5	-159
61.5	-159
62.5	-159
63.5	-159
64.5	-159
65.5	-159
66.5	-159
67.5	-159
68.5	-159
69.5	-159
70.5	-159
71.5	-159
72.5	-159
73.5	-159
74.5	-159
75.5	-159
76.5	-159
77.5	-159
78.5	-159
79.5	-159
-80	-160
-48	-160
48	-160
80	-160
-80.5	-161
-79.5	-161
-48.5	-161
-47.5	-161
47.5	-161
48.5	-161
79.5	-161
80.5	-161
-81	-162
-79	-162
-49	-162
-47	-162
47	-162
49	-162
79	-162
81	-162
-81.5	-163
-80.5	-163
-79.5	-163
-78.5	-163
-49.5	-163
-48.5	-163
-47.5	-163
-46.5	-163
46.5	-163
47.5	-163
48.5	-163
49.5	-163
78.5	-163
79.5	-163
80.5	-163
81.5	-163
-82	-164
-78	-164
-50	-164
-46	-164
46	-164
50	-164
78	-164
82	-164
-82.5	-165
-81.5	-165
-78.5	-165
-77.5	-165
-50.5	-165
-49.5	-165
-46.5	-165
-45.5	-165
45.5	-165
46.5	-165
49.5	-165
50.5	-165
77.5	-165
78.5	-165
81.5	-165
82.5	-165
-83	-166
-81	-166
-79	-166
-77	-166
-51	-166
-49	-166
-47	-166
-45	-166
45	-166
47	-166
49	-166
51	-166
77	-166
79	-166
81	-166
83	-166
-83.5	-167
-82.5	-167
-81.5	-167
-80.5	-167
-79.5	-167
-78.5	-167
-77.5	-167
-76.5	-167
-51.5	-167
-50.5	-167
-49.5	-167
-48.5	-167
-47.5	-167
-46.5	-167
-45.5	-167
-44.5	-167
44.5	-167
45.5	-167
46.5	-167
47.5	-167
48.5	-167
49.5	-167
50.5	-167
51.5	-167
76.5	-167
77.5	-167
78.5	-167
79.5	-167
80.5	-167
81.5	-167
82.5	-167
83.5	-167
-84	-168
-76	-168
-52	-168
-44	-168
44	-168
52	-168
76	-168
84	-168
-84.5	-169
-83.5	-169
-76.5	-169
-75.5	-169
-52.5	-169
-51.5	-169
-44.5	-169
-43.5	-169
43.5	-169
44.5	-169
51.5	-169
52.5	-169
75.5	-169
76.5	-169
83.5	-169
84.5	-169
-85	-170
-83	-170
-77	-170
-75	-170
-53	-170
-51	-170
-45	-170
-43	-170
43	-170
45	-170
51	-170
53	-170
75	-170
77	-170
83	-170
85	-170
-85.5	-171
-84.5	-171
-83.5	-171
-82.5	-171
-77.5	-171
-76.5	-171
-75.5	-171
-74.5	-171
-53.5	-171
-52.5	-171
-51.5	-171
-50.5	-171
-45.5	-171
-44.5	-171
-43.5	-171
-42.5	-171
42.5	-171
43.5	-171
44.5	-171
45.5	-171
50.5	-171
51.5	-171
52.5	-171
53.5	-171
74.5	-171
75.5	-171
76.5	-171
77.5	-171
82.5	-171
83.5	-171
84.5	-171
85.5	-171
-86	-172
-82	-172
-78	-172
-74	-172
-54	-172
-50	-172
-46	-172
-42	-172
42	-172
46	-172
50	-172
54	-172
74	-172
78	-172
82	-172
86	-172
-86.5	-173
-85.5	-173
-82.5	-173
-81.5	-173
-78.5	-173
-77.5	-173
-74.5	-173
-73.5	-173
-54.5	-173
-53.5	-173
-50.5	-173
-49.5	-173
-46.5	-173
-45.5	-173
-42.5	-173
-41.5	-173
41.5	-173
42.5	-173
45.5	-173
46.5	-173
49.5	-173
50.5	-173
53.5	-173
54.5	-173
73.5	-173
74.5	-173
77.5	-173
78.5	-173
81.5	-173
82.5	-173
85.5	-173
86.5	-173
-87	-174
-85	-174
-83	-174
-81	-174
-79	-174
-77	-174
-75	-174
-73	-174
-55	-174
-53	-174
-51	-174
-49	-174
-47	-174
-45	-174
-43	-174
-41	-174
41	-174
43	-174
45	-174
47	-174
49	-174
51	-174
53	-174
55	-174
73	-174
75	-174
77	-174
79	-174
81	-174
83	-174
85	-174
87	-174
-87.5	-175
-86.5	-175
-85.5	-175
-84.5	-175
-83.5	-175
-82.5	-175
-81.5	-175
-80.5	-175
-79.5	-175
-78.5	-175
-77.5	-175
-76.5	-175
-75.5	-175
-74.5	-175
-73.5	-175
-72.5	-175
-55.5	-175
-54.5	-175
-53.5	-175
-52.5	-175
-51.5	-175
-50.5	-175
-49.5	-175
-48.5	-175
-47.5	-175
-46.5	-175
-45.5	-175
-44.5	-175
-43.5	-175
-42.5	-175
-41.5	-175
-40.5	-175
40.5	-175
41.5	-175
42.5	-175
43.5	-175
44.5	-175
45.5	-175
46.5	-175
47.5	-175
48.5	-175
49.5	-175
50.5	-175
51.5	-175
52.5	-175
53.5	-175
54.5	-175
55.5	-175
72.5	-175
73.5	-175
74.5	-175
75.5	-175
76.5	-175
77.5	-175
78.5	-175
79.5	-175
80.5	-175
81.5	-175
82.5	-175
83.5	-175
84.5	-175
85.5	-175
86.5	-175
87.5	-175
-88	-176
-72	-176
-56	-176
-40	-176
40	-176
56	-176
72	-176
88	-176
-88.5	-177
-87.5	-177
-72.5	-177
-71.5	-177
-56.5	-177
-55.5	-177
-40.5	-177
-39.5	-177
39.5	-177
40.5	-177
55.5	-177
56.5	-177
71.5	-177
72.5	-177
87.5	-177
88.5	-177
-89	-178
-87	-178
-73	-178
-71	-178
-57	-178
-55	-178
-41	-178
-39	-178
39	-178
41	-178
55	-178
57	-178
71	-178
73	-178
87	-178
89	-178
-89.5	-179
-88.5	-179
-87.5	-179
-86.5	-179
-73.5	-179
-72.5	-179
-71.5	-179
-70.5	-179
-57.5	-179
-56.5	-179
-55.5	-179
-54.5	-179
-41.5	-179
-40.5	-179
-39.5	-179
-38.5	-179
38.5	-179
39.5	-179
40.5	-179
41.5	-179
54.5	-179
55.5	-179
56.5	-179
57.5	-179
70.5	-179
71.5	-179
72.5	-179
73.5	-179
86.5	-179
87.5	-179
88.5	-179
89.5	-179
-90	-180
-86	-180
-74	-180
-70	-180
-58	-180
-54	-180
-42	-180
-38	-180
38	-180
42	-180
54	-180
58	-180
70	-180
74	-180
86	-180
90	-180
-90.5	-181
-89.5	-181
-86.5	-181
-85.5	-181
-74.5	-181
-73.5	-181
-70.5	-181
-69.5	-181
-58.5	-181
-57.5	-181
-54.5	-181
-53.5	-181
-42.5	-181
-41.5	-181
-38.5	-181
-37.5	-181
37.5	-181
38.5	-181
41.5	-181
42.5	-181
53.5	-181
54.5	-181
57.5	-181
58.5	-181
69.5	-181
70.5	-181
73.5	-181
74.5	-181
85.5	-181
86.5	-181
89.5	-181
90.5	-181
-91	-182
-89	-182
-87	-182
-85	-182
-75	-182
-73	-182
-71	-182
-69	-182
-59	-182
-57	-182
-55	-182
-53	-182
-43	-182
-41	-182
-39	-182
-37	-182
37	-182
39	-182
41	-182
43	-182
53	-182
55	-182
57	-182
59	-182
69	-182
71	-182
73	-182
75	-182
85	-182
87	-182
89	-182
91	-182
-91.5	-183
-90.5	-183
-89.5	-183
-88.5	-183
-87.5	-183
-86.5	-183
-85.5	-183
-84.5	-183
-75.5	-183
-74.5	-183
-73.5	-183
-72.5	-183
-71.5	-183
-70.5	-183
-69.5	-183
-68.5	-183
-59.5	-183
-58.5	-183
-57.5	-183
-56.5	-183
-55.5	-183
-54.5	-183
-53.5	-183
-52.5	-183
-43.5	-183
-42.5	-183
-41.5	-183
-40.5	-183
-39.5	-183
-38.5	-183
-37.5	-183
-36.5	-183
36.5	-183
37.5	-183
38.5	-183
39.5	-183
40.5	-183
41.5	-183
42.5	-183
43.5	-183
52.5	-183
53.5	-183
54.5	-183
55.5	-183
56.5	-183
57.5	-183
58.5	-183
59.5	-183
68.5	-183
69.5	-183
70.5	-183
71.5	-183
72.5	-183
73.5	-183
74.5	-183
75.5	-183
84.5	-183
85.5	-183
86.5	-183
87.5	-183
88.5	-183
89.5	-183
90.5	-183
91.5	-183
-92	-184
-84	-184
-76	-184
-68	-184
-60	-184
-52	-184
-44	-184
-36	-184
36	-184
44	-184
52	-184
60	-184
68	-184
76	-184
84	-184
92	-184
-92.5	-185
-91.5	-185
-84.5	-185
-83.5	-185
-76.5	-185
-75.5	-185
-68.5	-185
-67.5	-185
-60.5	-185
-59.5	-185
-52.5	-185
-51.5	-185
-44.5	-185
-43.5	-185
-36.5	-185
-35.5	-185
35.5	-185
36.5	-185
43.5	-185
44.5	-185
51.5	-185
52.5	-185
59.5	-185
60.5	-185
67.5	-185
68.5	-185
75.5	-185
76.5	-185
83.5	-185
84.5	-185
91.5	-185
92.5	-185
-93	-186
-91	-186
-85	-186
-83	-186
-77	-186
-75	-186
-69	-186
-67	-186
-61	-186
-59	-186
-53	-186
-51	-186
-45	-186
-43	-186
-37	-186
-35	-186
35	-186
37	-186
43	-186
45	-186
51	-186
53	-186
59	-186
61	-186
67	-186
69	-186
75	-186
77	-186
83	-186
85	-186
91	-186
93	-186
-93.5	-187
-92.5	-187
-91.5	-187
-90.5	-187
-85.5	-187
-84.5	-187
-83.5	-187
-82.5	-187
-77.5	-187
-76.5	-187
-75.5	-187
-74.5	-187
-69.5	-187
-68.5	-187
-67.5	-187
-66.5	-187
-61.5	-187
-60.5	-187
-59.5	-187
-58.5	-187
-53.5	-187
-52.5	-187
-51.5	-187
-50.5	-187
-45.5	-187
-44.5	-187
-43.5	-187
-42.5	-187
-37.5	-187
-36.5	-187
-35.5	-187
-34.5	-187
34.5	-187
35.5	-187
36.5	-187
37.5	-187
42.5	-187
43.5	-187
44.5	-187
45.5	-187
50.5	-187
51.5	-187
52.5	-187
53.5	-187
58.5	-187
59.5	-187
60.5	-187
61.5	-187
66.5	-187
67.5	-187
68.5	-187
69.5	-187
74.5	-187
75.5	-187
76.5	-187
77.5	-187
82.5	-187
83.5	-187
84.5	-187
85.5	-187
90.5	-187
91.5	-187
92.5	-187
93.5	-187
-94	-188
-90	-188
-86	-188
-82	-188
-78	-188
-74	-188
-70	-188
-66	-188
-62	-188
-58	-188
-54	-188
-50	-188
-46	-188
-42	-188
-38	-188
-34	-188
34	-188
38	-188
42	-188
46	-188
50	-188
54	-188
58	-188
62	-188
66	-188
70	-188
74	-188
78	-188
82	-188
86	-188
90	-188
94	-188
-94.5	-189
-93.5	-189
-90.5	-189
-89.5	-189
-86.5	-189
-85.5	-189
-82.5	-189
-81.5	-189
-78.5	-189
-77.5	-189
-74.5	-189
-73.5	-189
-70.5	-189
-69.5	-189
-66.5	-189
-65.5	-189
-62.5	-189
-61.5	-189
-58.5	-189
-57.5	-189
-54.5	-189
-53.5	-189
-50.5	-189
-49.5	-189
-46.5	-189
-45.5	-189
-42.5	-189
-41.5	-189
-38.5	-189
-37.5	-189
-34.5	-189
-33.5	-189
33.5	-189
34.5	-189
37.5	-189
38.5	-189
41.5	-189
42.5	-189
45.5	-189
46.5	-189
49.5	-189
50.5	-189
53.5	-189
54.5	-189
57.5	-189
58.5	-189
61.5	-189
62.5	-189
65.5	-189
66.5	-189
69.5	-189
70.5	-189
73.5	-189
74.5	-189
77.5	-189
78.5	-189
81.5	-189
82.5	-189
85.5	-189
86.5	-189
89.5	-189
90.5	-189
93.5	-189
94.5	-189
-95	-190
-93	-190
-91	-190
-89	-190
-87	-190
-85	-190
-83	-190
-81	-190
-79	-190
-77	-190
-75	-190
-73	-190
-71	-190
-69	-190
-67	-190
-65	-190
-63	-190
-61	-190
-59	-190
-57	-190
-55	-190
-53	-190
-51	-190
-49	-190
-47	-190
-45	-190
-43	-190
-41	-190
-39	-190
-37	-190
-35	-190
-33	-190
33	-190
35	-190
37	-190
39	-190
41	-190
43	-190
45	-190
47	-190
49	-190
51	-190
53	-190
55	-190
57	-190
59	-190
61	-190
63	-190
65	-190
67	-190
69	-190
71	-190
73	-190
75	-190
77	-190
79	-190
81	-190
83	-190
85	-190
87	-190
89	-190
91	-190
93	-190
95	-190
-95.5	-191
-94.5	-191
-93.5	-191
-92.5	-191
-91.5	-191
-90.5	-191
-89.5	-191
-88.5	-191
-87.5	-191
-86.5	-191
-85.5	-191
-84.5	-191
-83.5	-191
-82.5	-191
-81.5	-191
-80.5	-191
-79.5	-191
-78.5	-191
-77.5	-191
-76.5	-191
-75.5	-191
-74.5	-191
-73.5	-191
-72.5	-191
-71.5	-191
-70.5	-191
-69.5	-191
-68.5	-191
-67.5	-191
-66.5	-191
-65.5	-191
-64.5	-191
-63.5	-191
-62.5	-191
-61.5	-191
-60.5	-191
-59.5	-191
-58.5	-191
-57.5	-191
-56.5	-191
-55.5	-191
-54.5	-191
-53.5	-191
-52.5	-191
-51.5	-191
-50.5	-191
-49.5	-191
-48.5	-191
-47.5	-191
-46.5	-191
-45.5	-191
-44.5	-191
-43.5	-191
-42.5	-191
-41.5	-191
-40.5	-191
-39.5	-191
-38.5	-191
-37.5	-191
-36.5	-191
-35.5	-191
-34.5	-191
-33.5	-191
-32.5	-191
32.5	-191
33.5	-191
34.5	-191
35.5	-191
36.5	-191
37.5	-191
38.5	-191
39.5	-191
40.5	-191
41.5	-191
42.5	-191
43.5	-191
44.5	-191
45.5	-191
46.5	-191
47.5	-191
48.5	-191
49.5	-191
50.5	-191
51.5	-191
52.5	-191
53.5	-191
54.5	-191
55.5	-191
56.5	-191
57.5	-191
58.5	-191
59.5	-191
60.5	-191
61.5	-191
62.5	-191
63.5	-191
64.5	-191
65.5	-191
66.5	-191
67.5	-191
68.5	-191
69.5	-191
70.5	-191
71.5	-191
72.5	-191
73.5	-191
74.5	-191
75.5	-191
76.5	-191
77.5	-191
78.5	-191
79.5	-191
80.5	-191
81.5	-191
82.5	-191
83.5	-191
84.5	-191
85.5	-191
86.5	-191
87.5	-191
88.5	-191
89.5	-191
90.5	-191
91.5	-191
92.5	-191
93.5	-191
94.5	-191
95.5	-191
-96	-192
-32	-192
32	-192
96	-192
-96.5	-193
-95.5	-193
-32.5	-193
-31.5	-193
31.5	-193
32.5	-193
95.5	-193
96.5	-193
-97	-194
-95	-194
-33	-194
-31	-194
31	-194
33	-194
95	-194
97	-194
-97.5	-195
-96.5	-195
-95.5	-195
-94.5	-195
-33.5	-195
-32.5	-195
-31.5	-195
-30.5	-195
30.5	-195
31.5	-195
32.5	-195
33.5	-195
94.5	-195
95.5	-195
96.5	-195
97.5	-195
-98	-196
-94	-196
-34	-196
-30	-196
30	-196
34	-196
94	-196
98	-196
-98.5	-197
-97.5	-197
-94.5	-197
-93.5	-197
-34.5	-197
-33.5	-197
-30.5	-197
-29.5	-197
29.5	-197
30.5	-197
33.5	-197
34.5	-197
93.5	-197
94.5	-197
97.5	-197
98.5	-197
-99	-198
-97	-198
-95	-198
-93	-198
-35	-198
-33	-198
-31	-198
-29	-198
29	-198
31	-198
33	-198
35	-198
93	-198
95	-198
97	-198
99	-198
-99.5	-199
-98.5	-199
-97.5	-199
-96.5	-199
-95.5	-199
-94.5	-199
-93.5	-199
-92.5	-199
-35.5	-199
-34.5	-199
-33.5	-199
-32.5	-199
-31.5	-199
-30.5	-199
-29.5	-199
-28.5	-199
28.5	-199
29.5	-199
30.5	-199
31.5	-199
32.5	-199
33.5	-199
34.5	-199
35.5	-199
92.5	-199
93.5	-199
94.5	-199
95.5	-199
96.5	-199
97.5	-199
98.5	-199
99.5	-199
-100	-200
-92	-200
-36	-200
-28	-200
28	-200
36	-200
92	-200
100	-200
-100.5	-201
-99.5	-201
-92.5	-201
-91.5	-201
-36.5	-201
-35.5	-201
-28.5	-201
-27.5	-201
27.5	-201
28.5	-201
35.5	-201
36.5	-201
91.5	-201
92.5	-201
99.5	-201
100.5	-201
-101	-202
-99	-202
-93	-202
-91	-202
-37	-202
-35	-202
-29	-202
-27	-202
27	-202
29	-202
35	-202
37	-202
91	-202
93	-202
99	-202
101	-202
-101.5	-203
-100.5	-203
-99.5	-203
-98.5	-203
-93.5	-203
-92.5	-203
-91.5	-203
-90.5	-203
-37.5	-203
-36.5	-203
-35.5	-203
-34.5	-203
-29.5	-203
-28.5	-203
-27.5	-203
-26.5	-203
26.5	-203
27.5	-203
28.5	-203
29.5	-203
34.5	-203
35.5	-203
36.5	-203
37.5	-203
90.5	-203
91.5	-203
92.5	-203
93.5	-203
98.5	-203
99.5	-203
100.5	-203
101.5	-203
-102	-204
-98	-204
-94	-204
-90	-204
-38	-204
-34	-204
-30	-204
-26	-204
26	-204
30	-204
34	-204
38	-204
90	-204
94	-204
98	-204
102	-204
-102.5	-205
-101.5	-205
-98.5	-205
-97.5	-205
-94.5	-205
-93.5	-205
-90.5	-205
-89.5	-205
-38.5	-205
-37.5	-205
-34.5	-205
-33.5	-205
-30.5	-205
-29.5	-205
-26.5	-205
-25.5	-205
25.5	-205
26.5	-205
29.5	-205
30.5	-205
33.5	-205
34.5	-205
37.5	-205
38.5	-205
89.5	-205
90.5	-205
93.5	-205
94.5	-205
97.5	-205
98.5	-205
101.5	-205
102.5	-205
-103	-206
-101	-206
-99	-206
-97	-206
-95	-206
-93	-206
-91	-206
-89	-206
-39	-206
-37	-206
-35	-206
-33	-206
-31	-206
-29	-206
-27	-206
-25	-206
25	-206
27	-206
29	-206
31	-206
33	-206
35	-206
37	-206
39	-206
89	-206
91	-206
93	-206
95	-206
97	-206
99	-206
101	-206
103	-206
-103.5	-207
-102.5	-207
-101.5	-207
-100.5	-207
-99.5	-207
-98.5	-207
-97.5	-207
-96.5	-207
-95.5	-207
-94.5	-207
-93.5	-207
-92.5	-207
-91.5	-207
-90.5	-207
-89.5	-207
-88.5	-207
-39.5	-207
-38.5	-207
-37.5	-207
-36.5	-207
-35.5	-207
-34.5	-207
-33.5	-207
-32.5	-207
-31.5	-207
-30.5	-207
-29.5	-207
-28.5	-207
-27.5	-207
-26.5	-207
-25.5	-207
-24.5	-207
24.5	-207
25.5	-207
26.5	-207
27.5	-207
28.5	-207
29.5	-207
30.5	-207
31.5	-207
32.5	-207
33.5	-207
34.5	-207
35.5	-207
36.5	-207
37.5	-207
38.5	-207
39.5	-207
88.5	-207
89.5	-207
90.5	-207
91.5	-207
92.5	-207
93.5	-207
94.5	-207
95.5	-207
96.5	-207
97.5	-207
98.5	-207
99.5	-207
100.5	-207
101.5	-207
102.5	-207
103.5	-207
-104	-208
-88	-208
-40	-208
-24	-208
24	-208
40	-208
88	-208
104	-208
-104.5	-209
-103.5	-209
-88.5	-209
-87.5	-209
-40.5	-209
-39.5	-209
-24.5	-209
-23.5	-209
23.5	-209
24.5	-209
39.5	-209
40.5	-209
87.5	-209
88.5	-209
103.5	-209
104.5	-209
-105	-210
-103	-210
-89	-210
-87	-210
-41	-210
-39	-210
-25	-210
-23	-210
23	-210
25	-210
39	-210
41	-210
87	-210
89	-210
103	-210
105	-210
-105.5	-211
-104.5	-211
-103.5	-211
-102.5	-211
-89.5	-211
-88.5	-211
-87.5	-211
-86.5	-211
-41.5	-211
-40.5	-211
-39.5	-211
-38.5	-211
-25.5	-211
-24.5	-211
-23.5	-211
-22.5	-211
22.5	-211
23.5	-211
24.5	-211
25.5	-211
38.5	-211
39.5	-211
40.5	-211
41.5	-211
86.5	-211
87.5	-211
88.5	-211
89.5	-211
102.5	-211
103.5	-211
104.5	-211
105.5	-211
-106	-212
-102	-212
-90	-212
-86	-212
-42	-212
-38	-212
-26	-212
-22	-212
22	-212
26	-212
38	-212
42	-212
86	-212
90	-212
102	-212
106	-212
-106.5	-213
-105.5	-213
-102.5	-213
-101.5	-213
-90.5	-213
-89.5	-213
-86.5	-213
-85.5	-213
-42.5	-213
-41.5	-213
-38.5	-213
-37.5	-213
-26.5	-213
-25.5	-213
-22.5	-213
-21.5	-213
21.5	-213
22.5	-213
25.5	-213
26.5	-213
37.5	-213
38.5	-213
41.5	-213
42.5	-213
85.5	-213
86.5	-213
89.5	-213
90.5	-213
101.5	-213
102.5	-213
105.5	-213
106.5	-213
-107	-214
-105	-214
-103	-214
-101	-214
-91	-214
-89	-214
-87	-214
-85	-214
-43	-214
-41	-214
-39	-214
-37	-214
-27	-214
-25	-214
-23	-214
-21	-214
21	-214
23	-214
25	-214
27	-214
37	-214
39	-214
41	-214
43	-214
85	-214
87	-214
89	-214
91	-214
101	-214
103	-214
105	-214
107	-214
-107.5	-215
-106.5	-215
-105.5	-215
-104.5	-215
-103.5	-215
-102.5	-215
-101.5	-215
-100.5	-215
-91.5	-215
-90.5	-215
-89.5	-215
-88.5	-215
-87.5	-215
-86.5	-215
-85.5	-215
-84.5	-215
-43.5	-215
-42.5	-215
-41.5	-215
-40.5	-215
-39.5	-215
-38.5	-215
-37.5	-215
-36.5	-215
-27.5	-215
-26.5	-215
-25.5	-215
-24.5	-215
-23.5	-215
-22.5	-215
-21.5	-215
-20.5	-215
20.5	-215
21.5	-215
22.5	-215
23.5	-215
24.5	-215
25.5	-215
26.5	-215
27.5	-215
36.5	-215
37.5	-215
38.5	-215
39.5	-215
40.5	-215
41.5	-215
42.5	-215
43.5	-215
84.5	-215
85.5	-215
86.5	-215
87.5	-215
88.5	-215
89.5	-215
90.5	-215
91.5	-215
100.5	-215
101.5	-215
102.5	-215
103.5	-215
104.5	-215
105.5	-215
106.5	-215
107.5	-215
-108	-216
-100	-216
-92	-216
-84	-216
-44	-216
-36	-216
-28	-216
-20	-216
20	-216
28	-216
36	-216
44	-216
84	-216
92	-216
100	-216
108	-216
-108.5	-217
-107.5	-217
-100.5	-217
-99.5	-217
-92.5	-217
-91.5	-217
-84.5	-217
-83.5	-217
-44.5	-217
-43.5	-217
-36.5	-217
-35.5	-217
-28.5	-217
-27.5	-217
-20.5	-217
-19.5	-217
19.5	-217
20.5	-217
27.5	-217
28.5	-217
35.5	-217
36.5	-217
43.5	-217
44.5	-217
83.5	-217
84.5	-217
91.5	-217
92.5	-217
99.5	-217
100.5	-217
107.5	-217
108.5	-217
-109	-218
-107	-218
-101	-218
-99	-218
-93	-218
-91	-218
-85	-218
-83	-218
-45	-218
-43	-218
-37	-218
-35	-218
-29	-218
-27	-218
-21	-218
-19	-218
19	-218
21	-218
27	-218
29	-218
35	-218
37	-218
43	-218
45	-218
83	-218
85	-218
91	-218
93	-218
99	-218
101	-218
107	-218
109	-218
-109.5	-219
-108.5	-219
-107.5	-219
-106.5	-219
-101.5	-219
-100.5	-219
-99.5	-219
-98.5	-219
-93.5	-219
-92.5	-219
-91.5	-219
-90.5	-219
-85.5	-219
-84.5	-219
-83.5	-219
-82.5	-219
-45.5	-219
-44.5	-219
-43.5	-219
-42.5	-219
-37.5	-219
-36.5	-219
-35.5	-219
-34.5	-219
-29.5	-219
-28.5	-219
-27.5	-219
-26.5	-219
-21.5	-219
-20.5	-219
-19.5	-219
-18.5	-219
18.5	-219
19.5	-219
20.5	-219
21.5	-219
26.5	-219
27.5	-219
28.5	-219
29.5	-219
34.5	-219
35.5	-219
36.5	-219
37.5	-219
42.5	-219
43.5	-219
44.5	-219
45.5	-219
82.5	-219
83.5	-219
84.5	-219
85.5	-219
90.5	-219
91.5	-219
92.5	-219
93.5	-219
98.5	-219
99.5	-219
100.5	-219
101.5	-219
106.5	-219
107.5	-219
108.5	-219
109.5	-219
-110	-220
-106	-220
-102	-220
-98	-220
-94	-220
-90	-220
-86	-220
-82	-220
-46	-220
-42	-220
-38	-220
-34	-220
-30	-220
-26	-220
-22	-220
-18	-220
18	-220
22	-220
26	-220
30	-220
34	-220
38	-220
42	-220
46	-220
82	-220
86	-220
90	-220
94	-220
98	-220
102	-220
106	-220
110	-220
-110.5	-221
-109.5	-221
-106.5	-221
-105.5	-221
-102.5	-221
-101.5	-221
-98.5	-221
-97.5	-221
-94.5	-221
-93.5	-221
-90.5	-221
-89.5	-221
-86.5	-221
-85.5	-221
-82.5	-221
-81.5	-221
-46.5	-221
-45.5	-221
-42.5	-221
-41.5	-221
-38.5	-221
-37.5	-221
-34.5	-221
-33.5	-221
-30.5	-221
-29.5	-221
-26.5	-221
-25.5	-221
-22.5	-221
-21.5	-221
-18.5	-221
-17.5	-221
17.5	-221
18.5	-221
21.5	-221
22.5	-221
25.5	-221
26.5	-221
29.5	-221
30.5	-221
33.5	-221
34.5	-221
37.5	-221
38.5	-221
41.5	-221
42.5	-221
45.5	-221
46.5	-221
81.5	-221
82.5	-221
85.5	-221
86.5	-221
89.5	-221
90.5	-221
93.5	-221
94.5	-221
97.5	-221
98.5	-221
101.5	-221
102.5	-221
105.5	-221
106.5	-221
109.5	-221
110.5	-221
-111	-222
-109	-222
-107	-222
-105	-222
-103	-222
-101	-222
-99	-222
-97	-222
-95	-222
-93	-222
-91	-222
-89	-222
-87	-222
-85	-222
-83	-222
-81	-222
-47	-222
-45	-222
-43	-222
-41	-222
-39	-222
-37	-222
-35	-222
-33	-222
-31	-222
-29	-222
-27	-222
-25	-222
-23	-222
-21	-222
-19	-222
-17	-222
17	-222
19	-222
21	-222
23	-222
25	-222
27	-222
29	-222
31	-222
33	-222
35	-222
37	-222
39	-222
41	-222
43	-222
45	-222
47	-222
81	-222
83	-222
85	-222
87	-222
89	-222
91	-222
93	-222
95	-222
97	-222
99	-222
101	-222
103	-222
105	-222
107	-222
109	-222
111	-222
-111.5	-223
-110.5	-223
-109.5	-223
-108.5	-223
-107.5	-223
-106.5	-223
-105.5	-223
-104.5	-223
-103.5	-223
-102.5	-223
-101.5	-223
-100.5	-223
-99.5	-223
-98.5	-223
-97.5	-223
-96.5	-223
-95.5	-223
-94.5	-223
-93.5	-223
-92.5	-223
-91.5	-223
-90.5	-223
-89.5	-223
-88.5	-223
-87.5	-223
-86.5	-223
-85.5	-223
-84.5	-223
-83.5	-223
-82.5	-223
-81.5	-223
-80.5	-223
-47.5	-223
-46.5	-223
-45.5	-223
-44.5	-223
-43.5	-223
-42.5	-223
-41.5	-223
-40.5	-223
-39.5	-223
-38.5	-223
-37.5	-223
-36.5	-223
-35.5	-223
-34.5	-223
-33.5	-223
-32.5	-223
-31.5	-223
-30.5	-223
-29.5	-223
-28.5	-223
-27.5	-223
-26.5	-223
-25.5	-223
-24.5	-223
-23.5	-223
-22.5	-223
-21.5	-223
-20.5	-223
-19.5	-223
-18.5	-223
-17.5	-223
-16.5	-223
16.5	-223
17.5	-223
18.5	-223
19.5	-223
20.5	-223
21.5	-223
22.5	-223
23.5	-223
24.5	-223
25.5	-223
26.5	-223
27.5	-223
28.5	-223
29.5	-223
30.5	-223
31.5	-223
32.5	-223
33.5	-223
34.5	-223
35.5	-223
36.5	-223
37.5	-223
38.5	-223
39.5	-223
40.5	-223
41.5	-223
42.5	-223
43.5	-223
44.5	-223
45.5	-223
46.5	-223
47.5	-223
80.5	-223
81.5	-223
82.5	-223
83.5	-223
84.5	-223
85.5	-223
86.5	-223
87.5	-223
88.5	-223
89.5	-223
90.5	-223
91.5	-223
92.5	-223
93.5	-223
94.5	-223
95.5	-223
96.5	-223
97.5	-223
98.5	-223
99.5	-223
100.5	-223
101.5	-223
102.5	-223
103.5	-223
104.5	-223
105.5	-223
106.5	-223
107.5	-223
108.5	-223
109.5	-223
110.5	-223
111.5	-223
-112	-224
-80	-224
-48	-224
-16	-224
16	-224
48	-224
80	-224
112	-224
-112.5	-225
-111.5	-225
-80.5	-225
-79.5	-225
-48.5	-225
-47.5	-225
-16.5	-225
-15.5	-225
15.5	-225
16.5	-225
47.5	-225
48.5	-225
79.5	-225
80.5	-225
111.5	-225
112.5	-225
-113	-226
-111	-226
-81	-226
-79	-226
-49	-226
-47	-226
-17	-226
-15	-226
15	-226
17	-226
47	-226
49	-226
79	-226
81	-226
111	-226
113	-226
-113.5	-227
-112.5	-227
-111.5	-227
-110.5	-227
-81.5	-227
-80.5	-227
-79.5	-227
-78.5	-227
-49.5	-227
-48.5	-227
-47.5	-227
-46.5	-227
-17.5	-227
-16.5	-227
-15.5	-227
-14.5	-227
14.5	-227
15.5	-227
16.5	-227
17.5	-227
46.5	-227
47.5	-227
48.5	-227
49.5	-227
78.5	-227
79.5	-227
80.5	-227
81.5	-227
110.5	-227
111.5	-227
112.5	-227
113.5	-227
-114	-228
-110	-228
-82	-228
-78	-228
-50	-228
-46	-228
-18	-228
-14	-228
14	-228
18	-228
46	-228
50	-228
78	-228
82	-228
110	-228
114	-228
-114.5	-229
-113.5	-229
-110.5	-229
-109.5	-229
-82.5	-229
-81.5	-229
-78.5	-229
-77.5	-229
-50.5	-229
-49.5	-229
-46.5	-229
-45.5	-229
-18.5	-229
-17.5	-229
-14.5	-229
-13.5	-229
13.5	-229
14.5	-229
17.5	-229
18.5	-229
45.5	-229
46.5	-229
49.5	-229
50.5	-229
77.5	-229
78.5	-229
81.5	-229
82.5	-229
109.5	-229
110.5	-229
113.5	-229
114.5	-229
-115	-230
-113	-230
-111	-230
-109	-230
-83	-230
-81	-230
-79	-230
-77	-230
-51	-230
-49	-230
-47	-230
-45	-230
-19	-230
-17	-230
-15	-230
-13	-230
13	-230
15	-230
17	-230
19	-230
45	-230
47	-230
49	-230
51	-230
77	-230
79	-230
81	-230
83	-230
109	-230
111	-230
113	-230
115	-230
-115.5	-231
-114.5	-231
-113.5	-231
-112.5	-231
-111.5	-231
-110.5	-231
-109.5	-231
-108.5	-231
-83.5	-231
-82.5	-231
-81.5	-231
-80.5	-231
-79.5	-231
-78.5	-231
-77.5	-231
-76.5	-231
-51.5	-231
-50.5	-231
-49.5	-231
-48.5	-231
-47.5	-231
-46.5	-231
-45.5	-231
-44.5	-231
-19.5	-231
-18.5	-231
-17.5	-231
-16.5	-231
-15.5	-231
-14.5	-231
-13.5	-231
-12.5	-231
12.5	-231
13.5	-231
14.5	-231
15.5	-231
16.5	-231
17.5	-231
18.5	-231
19.5	-231
44.5	-231
45.5	-231
46.5	-231
47.5	-231
48.5	-231
49.5	-231
50.5	-231
51.5	-231
76.5	-231
77.5	-231
78.5	-231
79.5	-231
80.5	-231
81.5	-231
82.5	-231
83.5	-231
108.5	-231
109.5	-231
110.5	-231
111.5	-231
112.5	-231
113.5	-231
114.5	-231
115.5	-231
-116	-232
-108	-232
-84	-232
-76	-232
-52	-232
-44	-232
-20	-232
-12	-232
12	-232
20	-232
44	-232
52	-232
76	-232
84	-232
108	-232
116	-232
-116.5	-233
-115.5	-233
-108.5	-233
-107.5	-233
-84.5	-233
-83.5	-233
-76.5	-233
-75.5	-233
-52.5	-233
-51.5	-233
-44.5	-233
-43.5	-233
-20.5	-233
-19.5	-233
-12.5	-233
-11.5	-233
11.5	-233
12.5	-233
19.5	-233
20.5	-233
43.5	-233
44.5	-233
51.5	-233
52.5	-233
75.5	-233
76.5	-233
83.5	-233
84.5	-233
107.5	-233
108.5	-233
115.5	-233
116.5	-233
-117	-234
-115	-234
-109	-234
-107	-234
-85	-234
-83	-234
-77	-234
-75	-234
-53	-234
-51	-234
-45	-234
-43	-234
-21	-234
-19	-234
-13	-234
-11	-234
11	-234
13	-234
19	-234
21	-234
43	-234
45	-234
51	-234
53	-234
75	-234
77	-234
83	-234
85	-234
107	-234
109	-234
115	-234
117	-234
-117.5	-235
-116.5	-235
-115.5	-235
-114.5	-235
-109.5	-235
-108.5	-235
-107.5	-235
-106.5	-235
-85.5	-235
-84.5	-235
-83.5	-235
-82.5	-235
-77.5	-235
-76.5	-235
-75.5	-235
-74.5	-235
-53.5	-235
-52.5	-235
-51.5	-235
-50.5	-235
-45.5	-235
-44.5	-235
-43.5	-235
-42.5	-235
-21.5	-235
-20.5	-235
-19.5	-235
-18.5	-235
-13.5	-235
-12.5	-235
-11.5	-235
-10.5	-235
10.5	-235
11.5	-235
12.5	-235
13.5	-235
18.5	-235
19.5	-235
20.5	-235
21.5	-235
42.5	-235
43.5	-235
44.5	-235
45.5	-235
50.5	-235
51.5	-235
52.5	-235
53.5	-235
74.5	-235
75.5	-235
76.5	-235
77.5	-235
82.5	-235
83.5	-235
84.5	-235
85.5	-235
106.5	-235
107.5	-235
108.5	-235
109.5	-235
114.5	-235
115.5	-235
116.5	-235
117.5	-235
-118	-236
-114	-236
-110	-236
-106	-236
-86	-236
-82	-236
-78	-236
-74	-236
-54	-236
-50	-236
-46	-236
-42	-236
-22	-236
-18	-236
-14	-236
-10	-236
10	-236
14	-236
18	-236
22	-236
42	-236
46	-236
50	-236
54	-236
74	-236
78	-236
82	-236
86	-236
106	-236
110	-236
114	-236
118	-236
-118.5	-237
-117.5	-237
-114.5	-237
-113.5	-237
-110.5	-237
-109.5	-237
-106.5	-237
-105.5	-237
-86.5	-237
-85.5	-237
-82.5	-237
-81.5	-237
-78.5	-237
-77.5	-237
-74.5	-237
-73.5	-237
-54.5	-237
-53.5	-237
-50.5	-237
-49.5	-237
-46.5	-237
-45.5	-237
-42.5	-237
-41.5	-237
-22.5	-237
-21.5	-237
-18.5	-237
-17.5	-237
-14.5	-237
-13.5	-237
-10.5	-237
-9.5	-237
9.5	-237
10.5	-237
13.5	-237
14.5	-237
17.5	-237
18.5	-237
21.5	-237
22.5	-237
41.5	-237
42.5	-237
45.5	-237
46.5	-237
49.5	-237
50.5	-237
53.5	-237
54.5	-237
73.5	-237
74.5	-237
77.5	-237
78.5	-237
81.5	-237
82.5	-237
85.5	-237
86.5	-237
105.5	-237
106.5	-237
109.5	-237
110.5	-237
113.5	-237
114.5	-237
117.5	-237
118.5	-237
-119	-238
-117	-238
-115	-238
-113	-238
-111	-238
-109	-238
-107	-238
-105	-238
-87	-238
-85	-238
-83	-238
-81	-238
-79	-238
-77	-238
-75	-238
-73	-238
-55	-238
-53	-238
-51	-238
-49	-238
-47	-238
-45	-238
-43	-238
-41	-238
-23	-238
-21	-238
-19	-238
-17	-238
-15	-238
-13	-238
-11	-238
-9	-238
9	-238
11	-238
13	-238
15	-238
17	-238
19	-238
21	-238
23	-238
41	-238
43	-238
45	-238
47	-238
49	-238
51	-238
53	-238
55	-238
73	-238
75	-238
77	-238
79	-238
81	-238
83	-238
85	-238
87	-238
105	-238
107	-238
109	-238
111	-238
113	-238
115	-238
117	-238
119	-238
-119.5	-239
-118.5	-239
-117.5	-239
-116.5	-239
-115.5	-239
-114.5	-239
-113.5	-239
-112.5	-239
-111.5	-239
-110.5	-239
-109.5	-239
-108.5	-239
-107.5	-239
-106.5	-239
-105.5	-239
-104.5	-239
-87.5	-239
-86.5	-239
-85.5	-239
-84.5	-239
-83.5	-239
-82.5	-239
-81.5	-239
-80.5	-239
-79.5	-239
-78.5	-239
-77.5	-239
-76.5	-239
-75.5	-239
-74.5	-239
-73.5	-239
-72.5	-239
-55.5	-239
-54.5	-239
-53.5	-239
-52.5	-239
-51.5	-239
-50.5	-239
-49.5	-239
-48.5	-239
-47.5	-239
-46.5	-239
-45.5	-239
-44.5	-239
-43.5	-239
-42.5	-239
-41.5	-239
-40.5	-239
-23.5	-239
-22.5	-239
-21.5	-239
-20.5	-239
-19.5	-239
-18.5	-239
-17.5	-239
-16.5	-239
-15.5	-239
-14.5	-239
-13.5	-239
-12.5	-239
-11.5	-239
-10.5	-239
-9.5	-239
-8.5	-239
8.5	-239
9.5	-239
10.5	-239
11.5	-239
12.5	-239
13.5	-239
14.5	-239
15.5	-239
16.5	-239
17.5	-239
18.5	-239
19.5	-239
20.5	-239
21.5	-239
22.5	-239
23.5	-239
40.5	-239
41.5	-239
42.5	-239
43.5	-239
44.5	-239
45.5	-239
46.5	-239
47.5	-239
48.5	-239
49.5	-239
50.5	-239
51.5	-239
52.5	-239
53.5	-239
54.5	-239
55.5	-239
72.5	-239
73.5	-239
74.5	-239
75.5	-239
76.5	-239
77.5	-239
78.5	-239
79.5	-239
80.5	-239
81.5	-239
82.5	-239
83.5	-239
84.5	-239
85.5	-239
86.5	-239
87.5	-239
104.5	-239
105.5	-239
106.5	-239
107.5	-239
108.5	-239
109.5	-239
110.5	-239
111.5	-239
112.5	-239
113.5	-239
114.5	-239
115.5	-239
116.5	-239
117.5	-239
118.5	-239
119.5	-239
-120	-240
-104	-240
-88	-240
-72	-240
-56	-240
-40	-240
-24	-240
-8	-240
8	-240
24	-240
40	-240
56	-240
72	-240
88	-240
104	-240
120	-240
-120.5	-241
-119.5	-241
-104.5	-241
-103.5	-241
-88.5	-241
-87.5	-241
-72.5	-241
-71.5	-241
-56.5	-241
-55.5	-241
-40.5	-241
-39.5	-241
-24.5	-241
-23.5	-241
-8.5	-241
-7.5	-241
7.5	-241
8.5	-241
23.5	-241
24.5	-241
39.5	-241
40.5	-241
55.5	-241
56.5	-241
71.5	-241
72.5	-241
87.5	-241
88.5	-241
103.5	-241
104.5	-241
119.5	-241
120.5	-241
-121	-242
-119	-242
-105	-242
-103	-242
-89	-242
-87	-242
-73	-242
-71	-242
-57	-242
-55	-242
-41	-242
-39	-242
-25	-242
-23	-242
-9	-242
-7	-242
7	-242
9	-242
23	-242
25	-242
39	-242
41	-242
55	-242
57	-242
71	-242
73	-242
87	-242
89	-242
103	-242
105	-242
119	-242
121	-242
-121.5	-243
-120.5	-243
-119.5	-243
-118.5	-243
-105.5	-243
-104.5	-243
-103.5	-243
-102.5	-243
-89.5	-243
-88.5	-243
-87.5	-243
-86.5	-243
-73.5	-243
-72.5	-243
-71.5	-243
-70.5	-243
-57.5	-243
-56.5	-243
-55.5	-243
-54.5	-243
-41.5	-243
-40.5	-243
-39.5	-243
-38.5	-243
-25.5	-243
-24.5	-243
-23.5	-243
-22.5	-243
-9.5	-243
-8.5	-243
-7.5	-243
-6.5	-243
6.5	-243
7.5	-243
8.5	-243
9.5	-243
22.5	-243
23.5	-243
24.5	-243
25.5	-243
38.5	-243
39.5	-243
40.5	-243
41.5	-243
54.5	-243
55.5	-243
56.5	-243
57.5	-243
70.5	-243
71.5	-243
72.5	-243
73.5	-243
86.5	-243
87.5	-243
88.5	-243
89.5	-243
102.5	-243
103.5	-243
104.5	-243
105.5	-243
118.5	-243
119.5	-243
120.5	-243
121.5	-243
-122	-244
-118	-244
-106	-244
-102	-244
-90	-244
-86	-244
-74	-244
-70	-244
-58	-244
-54	-244
-42	-244
-38	-244
-26	-244
-22	-244
-10	-244
-6	-244
6	-244
10	-244
22	-244
26	-244
38	-244
42	-244
54	-244
58	-244
70	-244
74	-244
86	-244
90	-244
102	-244
106	-244
118	-244
122	-244
-122.5	-245
-121.5	-245
-118.5	-245
-117.5	-245
-106.5	-245
-105.5	-245
-102.5	-245
-101.5	-245
-90.5	-245
-89.5	-245
-86.5	-245
-85.5	-245
-74.5	-245
-73.5	-245
-70.5	-245
-69.5	-245
-58.5	-245
-57.5	-245
-54.5	-245
-53.5	-245
-42.5	-245
-41.5	-245
-38.5	-245
-37.5	-245
-26.5	-245
-25.5	-245
-22.5	-245
-21.5	-245
-10.5	-245
-9.5	-245
-6.5	-245
-5.5	-245
5.5	-245
6.5	-245
9.5	-245
10.5	-245
21.5	-245
22.5	-245
25.5	-245
26.5	-245
37.5	-245
38.5	-245
41.5	-245
42.5	-245
53.5	-245
54.5	-245
57.5	-245
58.5	-245
69.5	-245
70.5	-245
73.5	-245
74.5	-245
85.5	-245
86.5	-245
89.5	-245
90.5	-245
101.5	-245
102.5	-245
105.5	-245
106.5	-245
117.5	-245
118.5	-245
121.5	-245
122.5	-245
-123	-246
-121	-246
-119	-246
-117	-246
-107	-246
-105	-246
-103	-246
-101	-246
-91	-246
-89	-246
-87	-246
-85	-246
-75	-246
-73	-246
-71	-246
-69	-246
-59	-246
-57	-246
-55	-246
-53	-246
-43	-246
-41	-246
-39	-246
-37	-246
-27	-246
-25	-246
-23	-246
-21	-246
-11	-246
-9	-246
-7	-246
-5	-246
5	-246
7	-246
9	-246
11	-246
21	-246
23	-246
25	-246
27	-246
37	-246
39	-246
41	-246
43	-246
53	-246
55	-246
57	-246
59	-246
69	-246
71	-246
73	-246
75	-246
85	-246
87	-246
89	-246
91	-246
101	-246
103	-246
105	-246
107	-246
117	-246
119	-246
121	-246
123	-246
-123.5	-247
-122.5	-247
-121.5	-247
-120.5	-247
-119.5	-247
-118.5	-247
-117.5	-247
-116.5	-247
-107.5	-247
-106.5	-247
-105.5	-247
-104.5	-247
-103.5	-247
-102.5	-247
-101.5	-247
-100.5	-247
-91.5	-247
-90.5	-247
-89.5	-247
-88.5	-247
-87.5	-247
-86.5	-247
-85.5	-247
-84.5	-247
-75.5	-247
-74.5	-247
-73.5	-247
-72.5	-247
-71.5	-247
-70.5	-247
-69.5	-247
-68.5	-247
-59.5	-247
-58.5	-247
-57.5	-247
-56.5	-247
-55.5	-247
-54.5	-247
-53.5	-247
-52.5	-247
-43.5	-247
-42.5	-247
-41.5	-247
-40.5	-247
-39.5	-247
-38.5	-247
-37.5	-247
-36.5	-247
-27.5	-247
-26.5	-247
-25.5	-247
-24.5	-247
-23.5	-247
-22.5	-247
-21.5	-247
-20.5	-247
-11.5	-247
-10.5	-247
-9.5	-247
-8.5	-247
-7.5	-247
-6.5	-247
-5.5	-247
-4.5	-247
4.5	-247
5.5	-247
6.5	-247
7.5	-247
8.5	-247
9.5	-247
10.5	-247
11.5	-247
20.5	-247
21.5	-247
22.5	-247
23.5	-247
24.5	-247
25.5	-247
26.5	-247
27.5	-247
36.5	-247
37.5	-247
38.5	-247
39.5	-247
40.5	-247
41.5	-247
42.5	-247
43.5	-247
52.5	-247
53.5	-247
54.5	-247
55.5	-247
56.5	-247
57.5	-247
58.5	-247
59.5	-247
68.5	-247
69.5	-247
70.5	-247
71.5	-247
72.5	-247
73.5	-247
74.5	-247
75.5	-247
84.5	-247
85.5	-247
86.5	-247
87.5	-247
88.5	-247
89.5	-247
90.5	-247
91.5	-247
100.5	-247
101.5	-247
102.5	-247
103.5	-247
104.5	-247
105.5	-247
106.5	-247
107.5	-247
116.5	-247
117.5	-247
118.5	-247
119.5	-247
120.5	-247
121.5	-247
122.5	-247
123.5	-247
-124	-248
-116	-248
-108	-248
-100	-248
-92	-248
-84	-248
-76	-248
-68	-248
-60	-248
-52	-248
-44	-248
-36	-248
-28	-248
-20	-248
-12	-248
-4	-248
4	-248
12	-248
20	-248
28	-248
36	-248
44	-248
52	-248
60	-248
68	-248
76	-248
84	-248
92	-248
100	-248
108	-248
116	-248
124	-248
-124.5	-249
-123.5	-249
-116.5	-249
-115.5	-249
-108.5	-249
-107.5	-249
-100.5	-249
-99.5	-249
-92.5	-249
-91.5	-249
-84.5	-249
-83.5	-249
-76.5	-249
-75.5	-249
-68.5	-249
-67.5	-249
-60.5	-249
-59.5	-249
-52.5	-249
-51.5	-249
-44.5	-249
-43.5	-249
-36.5	-249
-35.5	-249
-28.5	-249
-27.5	-249
-20.5	-249
-19.5	-249
-12.5	-249
-11.5	-249
-4.5	-249
-3.5	-249
3.5	-249
4.5	-249
11.5	-249
12.5	-249
19.5	-249
20.5	-249
27.5	-249
28.5	-249
35.5	-249
36.5	-249
43.5	-249
44.5	-249
51.5	-249
52.5	-249
59.5	-249
60.5	-249
67.5	-249
68.5	-249
75.5	-249
76.5	-249
83.5	-249
84.5	-249
91.5	-249
92.5	-249
99.5	-249
100.5	-249
107.5	-249
108.5	-249
115.5	-249
116.5	-249
123.5	-249
124.5	-249
-125	-250
-123	-250
-117	-250
-115	-250
-109	-250
-107	-250
-101	-250
-99	-250
-93	-250
-91	-250
-85	-250
-83	-250
-77	-250
-75	-250
-69	-250
-67	-250
-61	-250
-59	-250
-53	-250
-51	-250
-45	-250
-43	-250
-37	-250
-35	-250
-29	-250
-27	-250
-21	-250
-19	-250
-13	-250
-11	-250
-5	-250
-3	-250
3	-250
5	-250
11	-250
13	-250
19	-250
21	-250
27	-250
29	-250
35	-250
37	-250
43	-250
45	-250
51	-250
53	-250
59	-250
61	-250
67	-250
69	-250
75	-250
77	-250
83	-250
85	-250
91	-250
93	-250
99	-250
101	-250
107	-250
109	-250
115	-250
117	-250
123	-250
125	-250
-125.5	-251
-124.5	-251
-123.5	-251
-122.5	-251
-117.5	-251
-116.5	-251
-115.5	-251
-114.5	-251
-109.5	-251
-108.5	-251
-107.5	-251
-106.5	-251
-101.5	-251
-100.5	-251
-99.5	-251
-98.5	-251
-93.5	-251
-92.5	-251
-91.5	-251
-90.5	-251
-85.5	-251
-84.5	-251
-83.5	-251
-82.5	-251
-77.5	-251
-76.5	-251
-75.5	-251
-74.5	-251
-69.5	-251
-68.5	-251
-67.5	-251
-66.5	-251
-61.5	-251
-60.5	-251
-59.5	-251
-58.5	-251
-53.5	-251
-52.5	-251
-51.5	-251
-50.5	-251
-45.5	-251
-44.5	-251
-43.5	-251
-42.5	-251
-37.5	-251
-36.5	-251
-35.5	-251
-34.5	-251
-29.5	-251
-28.5	-251
-27.5	-251
-26.5	-251
-21.5	-251
-20.5	-251
-19.5	-251
-18.5	-251
-13.5	-251
-12.5	-251
-11.5	-251
-10.5	-251
-5.5	-251
-4.5	-251
-3.5	-251
-2.5	-251
2.5	-251
3.5	-251
4.5	-251
5.5	-251
10.5	-251
11.5	-251
12.5	-251
13.5	-251
18.5	-251
19.5	-251
20.5	-251
21.5	-251
26.5	-251
27.5	-251
28.5	-251
29.5	-251
34.5	-251
35.5	-251
36.5	-251
37.5	-251
42.5	-251
43.5	-251
44.5	-251
45.5	-251
50.5	-251
51.5	-251
52.5	-251
53.5	-251
58.5	-251
59.5	-251
60.5	-251
61.5	-251
66.5	-251
67.5	-251
68.5	-251
69.5	-251
74.5	-251
75.5	-251
76.5	-251
77.5	-251
82.5	-251
83.5	-251
84.5	-251
85.5	-251
90.5	-251
91.5	-251
92.5	-251
93.5	-251
98.5	-251
99.5	-251
100.5	-251
101.5	-251
106.5	-251
107.5	-251
108.5	-251
109.5	-251
114.5	-251
115.5	-251
116.5	-251
117.5	-251
122.5	-251
123.5	-251
124.5	-251
125.5	-251
-126	-252
-122	-252
-118	-252
-114	-252
-110	-252
-106	-252
-102	-252
-98	-252
-94	-252
-90	-252
-86	-252
-82	-252
-78	-252
-74	-252
-70	-252
-66	-252
-62	-252
-58	-252
-54	-252
-50	-252
-46	-252
-42	-252
-38	-252
-34	-252
-30	-252
-26	-252
-22	-252
-18	-252
-14	-252
-10	-252
-6	-252
-2	-252
2	-252
6	-252
10	-252
14	-252
18	-252
22	-252
26	-252
30	-252
34	-252
38	-252
42	-252
46	-252
50	-252
54	-252
58	-252
62	-252
66	-252
70	-252
74	-252
78	-252
82	-252
86	-252
90	-252
94	-252
98	-252
102	-252
106	-252
110	-252
114	-252
118	-252
122	-252
126	-252
-126.5	-253
-125.5	-253
-122.5	-253
-121.5	-253
-118.5	-253
-117.5	-253
-114.5	-253
-113.5	-253
-110.5	-253
-109.5	-253
-106.5	-253
-105.5	-253
-102.5	-253
-101.5	-253
-98.5	-253
-97.5	-253
-94.5	-253
-93.5	-253
-90.5	-253
-89.5	-253
-86.5	-253
-85.5	-253
-82.5	-253
-81.5	-253
-78.5	-253
-77.5	-253
-74.5	-253
-73.5	-253
-70.5	-253
-69.5	-253
-66.5	-253
-65.5	-253
-62.5	-253
-61.5	-253
-58.5	-253
-57.5	-253
-54.5	-253
-53.5	-253
-50.5	-253
-49.5	-253
-46.5	-253
-45.5	-253
-42.5	-253
-41.5	-253
-38.5	-253
-37.5	-253
-34.5	-253
-33.5	-253
-30.5	-253
-29.5	-253
-26.5	-253
-25.5	-253
-22.5	-253
-21.5	-253
-18.5	-253
-17.5	-253
-14.5	-253
-13.5	-253
-10.5	-253
-9.5	-253
-6.5	-253
-5.5	-253
-2.5	-253
-1.5	-253
1.5	-253
2.5	-253
5.5	-253
6.5	-253
9.5	-253
10.5	-253
13.5	-253
14.5	-253
17.5	-253
18.5	-253
21.5	-253
22.5	-253
25.5	-253
26.5	-253
29.5	-253
30.5	-253
33.5	-253
34.5	-253
37.5	-253
38.5	-253
41.5	-253
42.5	-253
45.5	-253
46.5	-253
49.5	-253
50.5	-253
53.5	-253
54.5	-253
57.5	-253
58.5	-253
61.5	-253
62.5	-253
65.5	-253
66.5	-253
69.5	-253
70.5	-253
73.5	-253
74.5	-253
77.5	-253
78.5	-253
81.5	-253
82.5	-253
85.5	-253
86.5	-253
89.5	-253
90.5	-253
93.5	-253
94.5	-253
97.5	-253
98.5	-253
101.5	-253
102.5	-253
105.5	-253
106.5	-253
109.5	-253
110.5	-253
113.5	-253
114.5	-253
117.5	-253
118.5	-253
121.5	-253
122.5	-253
125.5	-253
126.5	-253
-127	-254
-125	-254
-123	-254
-121	-254
-119	-254
-117	-254
-115	-254
-113	-254
-111	-254
-109	-254
-107	-254
-105	-254
-103	-254
-101	-254
-99	-254
-97	-254
-95	-254
-93	-254
-91	-254
-89	-254
-87	-254
-85	-254
-83	-254
-81	-254
-79	-254
-77	-254
-75	-254
-73	-254
-71	-254
-69	-254
-67	-254
-65	-254
-63	-254
-61	-254
-59	-254
-57	-254
-55	-254
-53	-254
-51	-254
-49	-254
-47	-254
-45	-254
-43	-254
-41	-254
-39	-254
-37	-254
-35	-254
-33	-254
-31	-254
-29	-254
-27	-254
-25	-254
-23	-254
-21	-254
-19	-254
-17	-254
-15	-254
-13	-254
-11	-254
-9	-254
-7	-254
-5	-254
-3	-254
-1	-254
1	-254
3	-254
5	-254
7	-254
9	-254
11	-254
13	-254
15	-254
17	-254
19	-254
21	-254
23	-254
25	-254
27	-254
29	-254
31	-254
33	-254
35	-254
37	-254
39	-254
41	-254
43	-254
45	-254
47	-254
49	-254
51	-254
53	-254
55	-254
57	-254
59	-254
61	-254
63	-254
65	-254
67	-254
69	-254
71	-254
73	-254
75	-254
77	-254
79	-254
81	-254
83	-254
85	-254
87	-254
89	-254
91	-254
93	-254
95	-254
97	-254
99	-254
101	-254
103	-254
105	-254
107	-254
109	-254
111	-254
113	-254
115	-254
117	-254
119	-254
121	-254
123	-254
125	-254
127	-254
-127.5	-255
-126.5	-255
-125.5	-255
-124.5	-255
-123.5	-255
-122.5	-255
-121.5	-255
-120.5	-255
-119.5	-255
-118.5	-255
-117.5	-255
-116.5	-255
-115.5	-255
-114.5	-255
-113.5	-255
-112.5	-255
-111.5	-255
-110.5	-255
-109.5	-255
-108.5	-255
-107.5	-255
-106.5	-255
-105.5	-255
-104.5	-255
-103.5	-255
-102.5	-255
-101.5	-255
-100.5	-255
-99.5	-255
-98.5	-255
-97.5	-255
-96.5	-255
-95.5	-255
-94.5	-255
-93.5	-255
-92.5	-255
-91.5	-255
-90.5	-255
-89.5	-255
-88.5	-255
-87.5	-255
-86.5	-255
-85.5	-255
-84.5	-255
-83.5	-255
-82.5	-255
-81.5	-255
-80.5	-255
-79.5	-255
-78.5	-255
-77.5	-255
-76.5	-255
-75.5	-255
-74.5	-255
-73.5	-255
-72.5	-255
-71.5	-255
-70.5	-255
-69.5	-255
-68.5	-255
-67.5	-255
-66.5	-255
-65.5	-255
-64.5	-255
-63.5	-255
-62.5	-255
-61.5	-255
-60.5	-255
-59.5	-255
-58.5	-255
-57.5	-255
-56.5	-255
-55.5	-255
-54.5	-255
-53.5	-255
-52.5	-255
-51.5	-255
-50.5	-255
-49.5	-255
-48.5	-255
-47.5	-255
-46.5	-255
-45.5	-255
-44.5	-255
-43.5	-255
-42.5	-255
-41.5	-255
-40.5	-255
-39.5	-255
-38.5	-255
-37.5	-255
-36.5	-255
-35.5	-255
-34.5	-255
-33.5	-255
-32.5	-255
-31.5	-255
-30.5	-255
-29.5	-255
-28.5	-255
-27.5	-255
-26.5	-255
-25.5	-255
-24.5	-255
-23.5	-255
-22.5	-255
-21.5	-255
-20.5	-255
-19.5	-255
-18.5	-255
-17.5	-255
-16.5	-255
-15.5	-255
-14.5	-255
-13.5	-255
-12.5	-255
-11.5	-255
-10.5	-255
-9.5	-255
-8.5	-255
-7.5	-255
-6.5	-255
-5.5	-255
-4.5	-255
-3.5	-255
-2.5	-255
-1.5	-255
-0.5	-255
0.5	-255
1.5	-255
2.5	-255
3.5	-255
4.5	-255
5.5	-255
6.5	-255
7.5	-255
8.5	-255
9.5	-255
10.5	-255
11.5	-255
12.5	-255
13.5	-255
14.5	-255
15.5	-255
16.5	-255
17.5	-255
18.5	-255
19.5	-255
20.5	-255
21.5	-255
22.5	-255
23.5	-255
24.5	-255
25.5	-255
26.5	-255
27.5	-255
28.5	-255
29.5	-255
30.5	-255
31.5	-255
32.5	-255
33.5	-255
34.5	-255
35.5	-255
36.5	-255
37.5	-255
38.5	-255
39.5	-255
40.5	-255
41.5	-255
42.5	-255
43.5	-255
44.5	-255
45.5	-255
46.5	-255
47.5	-255
48.5	-255
49.5	-255
50.5	-255
51.5	-255
52.5	-255
53.5	-255
54.5	-255
55.5	-255
56.5	-255
57.5	-255
58.5	-255
59.5	-255
60.5	-255
61.5	-255
62.5	-255
63.5	-255
64.5	-255
65.5	-255
66.5	-255
67.5	-255
68.5	-255
69.5	-255
70.5	-255
71.5	-255
72.5	-255
73.5	-255
74.5	-255
75.5	-255
76.5	-255
77.5	-255
78.5	-255
79.5	-255
80.5	-255
81.5	-255
82.5	-255
83.5	-255
84.5	-255
85.5	-255
86.5	-255
87.5	-255
88.5	-255
89.5	-255
90.5	-255
91.5	-255
92.5	-255
93.5	-255
94.5	-255
95.5	-255
96.5	-255
97.5	-255
98.5	-255
99.5	-255
100.5	-255
101.5	-255
102.5	-255
103.5	-255
104.5	-255
105.5	-255
106.5	-255
107.5	-255
108.5	-255
109.5	-255
110.5	-255
111.5	-255
112.5	-255
113.5	-255
114.5	-255
115.5	-255
116.5	-255
117.5	-255
118.5	-255
119.5	-255
120.5	-255
121.5	-255
122.5	-255
123.5	-255
124.5	-255
125.5	-255
126.5	-255
127.5	-255
