274	0
273	-1
275	-1
272	-2
276	-2
271	-3
273	-3
275	-3
277	-3
270	-4
278	-4
269	-5
271	-5
277	-5
279	-5
268	-6
272	-6
276	-6
280	-6
267	-7
269	-7
271	-7
273	-7
275	-7
277	-7
279	-7
281	-7
266	-8
282	-8
265	-9
267	-9
281	-9
283	-9
264	-10
268	-10
280	-10
284	-10
263	-11
265	-11
267	-11
269	-11
279	-11
281	-11
283	-11
285	-11
262	-12
270	-12
278	-12
286	-12
261	-13
263	-13
269	-13
271	-13
277	-13
279	-13
285	-13
287	-13
260	-14
264	-14
268	-14
272	-14
276	-14
280	-14
284	-14
288	-14
259	-15
261	-15
263	-15
265	-15
267	-15
269	-15
271	-15
273	-15
275	-15
277	-15
279	-15
281	-15
283	-15
285	-15
287	-15
289	-15
258	-16
290	-16
257	-17
259	-17
289	-17
291	-17
256	-18
260	-18
288	-18
292	-18
255	-19
257	-19
259	-19
261	-19
287	-19
289	-19
291	-19
293	-19
254	-20
262	-20
286	-20
294	-20
253	-21
255	-21
261	-21
263	-21
285	-21
287	-21
293	-21
295	-21
252	-22
256	-22
260	-22
264	-22
284	-22
288	-22
292	-22
296	-22
251	-23
253	-23
255	-23
257	-23
259	-23
261	-23
263	-23
265	-23
283	-23
285	-23
287	-23
289	-23
291	-23
293	-23
295	-23
297	-23
250	-24
266	-24
282	-24
298	-24
249	-25
251	-25
265	-25
267	-25
281	-25
283	-25
297	-25
299	-25
248	-26
252	-26
264	-26
268	-26
280	-26
284	-26
296	-26
300	-26
247	-27
249	-27
251	-27
253	-27
263	-27
265	-27
267	-27
269	-27
279	-27
281	-27
283	-27
285	-27
295	-27
297	-27
299	-27
301	-27
246	-28
254	-28
262	-28
270	-28
278	-28
286	-28
294	-28
302	-28
245	-29
247	-29
253	-29
255	-29
261	-29
263	-29
269	-29
271	-29
277	-29
279	-29
285	-29
287	-29
293	-29
295	-29
301	-29
303	-29
244	-30
248	-30
252	-30
256	-30
260	-30
264	-30
268	-30
272	-30
276	-30
280	-30
284	-30
288	-30
292	-30
296	-30
300	-30
304	-30
243	-31
245	-31
247	-31
249	-31
251	-31
253	-31
255	-31
257	-31
259	-31
261	-31
263	-31
265	-31
267	-31
269	-31
271	-31
273	-31
275	-31
277	-31
279	-31
281	-31
283	-31
285	-31
287	-31
289	-31
291	-31
293	-31
295	-31
297	-31
299	-31
301	-31
303	-31
305	-31
242	-32
306	-32
241	-33
243	-33
305	-33
307	-33
240	-34
244	-34
304	-34
308	-34
239	-35
241	-35
243	-35
245	-35
303	-35
305	-35
307	-35
309	-35
238	-36
246	-36
302	-36
310	-36
237	-37
239	-37
245	-37
247	-37
301	-37
303	-37
309	-37
311	-37
236	-38
240	-38
244	-38
248	-38
300	-38
304	-38
308	-38
312	-38
235	-39
237	-39
239	-39
241	-39
243	-39
245	-39
247	-39
249	-39
299	-39
301	-39
303	-39
305	-39
307	-39
309	-39
311	-39
313	-39
234	-40
250	-40
298	-40
314	-40
233	-41
235	-41
249	-41
251	-41
297	-41
299	-41
313	-41
315	-41
232	-42
236	-42
248	-42
252	-42
296	-42
300	-42
312	-42
316	-42
231	-43
233	-43
235	-43
237	-43
247	-43
249	-43
251	-43
253	-43
295	-43
297	-43
299	-43
301	-43
311	-43
313	-43
315	-43
317	-43
230	-44
238	-44
246	-44
254	-44
294	-44
302	-44
310	-44
318	-44
229	-45
231	-45
237	-45
239	-45
245	-45
247	-45
253	-45
255	-45
293	-45
295	-45
301	-45
303	-45
309	-45
311	-45
317	-45
319	-45
228	-46
232	-46
236	-46
240	-46
244	-46
248	-46
252	-46
256	-46
292	-46
296	-46
300	-46
304	-46
308	-46
312	-46
316	-46
320	-46
227	-47
229	-47
231	-47
233	-47
235	-47
237	-47
239	-47
241	-47
243	-47
245	-47
247	-47
249	-47
251	-47
253	-47
255	-47
257	-47
291	-47
293	-47
295	-47
297	-47
299	-47
301	-47
303	-47
305	-47
307	-47
309	-47
311	-47
313	-47
315	-47
317	-47
319	-47
321	-47
226	-48
258	-48
290	-48
322	-48
225	-49
227	-49
257	-49
259	-49
289	-49
291	-49
321	-49
323	-49
224	-50
228	-50
256	-50
260	-50
288	-50
292	-50
320	-50
324	-50
223	-51
225	-51
227	-51
229	-51
255	-51
257	-51
259	-51
261	-51
287	-51
289	-51
291	-51
293	-51
319	-51
321	-51
323	-51
325	-51
222	-52
230	-52
254	-52
262	-52
286	-52
294	-52
318	-52
326	-52
221	-53
223	-53
229	-53
231	-53
253	-53
255	-53
261	-53
263	-53
285	-53
287	-53
293	-53
295	-53
317	-53
319	-53
325	-53
327	-53
220	-54
224	-54
228	-54
232	-54
252	-54
256	-54
260	-54
264	-54
284	-54
288	-54
292	-54
296	-54
316	-54
320	-54
324	-54
328	-54
219	-55
221	-55
223	-55
225	-55
227	-55
229	-55
231	-55
233	-55
251	-55
253	-55
255	-55
257	-55
259	-55
261	-55
263	-55
265	-55
283	-55
285	-55
287	-55
289	-55
291	-55
293	-55
295	-55
297	-55
315	-55
317	-55
319	-55
321	-55
323	-55
325	-55
327	-55
329	-55
218	-56
234	-56
250	-56
266	-56
282	-56
298	-56
314	-56
330	-56
217	-57
219	-57
233	-57
235	-57
249	-57
251	-57
265	-57
267	-57
281	-57
283	-57
297	-57
299	-57
313	-57
315	-57
329	-57
331	-57
216	-58
220	-58
232	-58
236	-58
248	-58
252	-58
264	-58
268	-58
280	-58
284	-58
296	-58
300	-58
312	-58
316	-58
328	-58
332	-58
215	-59
217	-59
219	-59
221	-59
231	-59
233	-59
235	-59
237	-59
247	-59
249	-59
251	-59
253	-59
263	-59
265	-59
267	-59
269	-59
279	-59
281	-59
283	-59
285	-59
295	-59
297	-59
299	-59
301	-59
311	-59
313	-59
315	-59
317	-59
327	-59
329	-59
331	-59
333	-59
214	-60
222	-60
230	-60
238	-60
246	-60
254	-60
262	-60
270	-60
278	-60
286	-60
294	-60
302	-60
310	-60
318	-60
326	-60
334	-60
213	-61
215	-61
221	-61
223	-61
229	-61
231	-61
237	-61
239	-61
245	-61
247	-61
253	-61
255	-61
261	-61
263	-61
269	-61
271	-61
277	-61
279	-61
285	-61
287	-61
293	-61
295	-61
301	-61
303	-61
309	-61
311	-61
317	-61
319	-61
325	-61
327	-61
333	-61
335	-61
212	-62
216	-62
220	-62
224	-62
228	-62
232	-62
236	-62
240	-62
244	-62
248	-62
252	-62
256	-62
260	-62
264	-62
268	-62
272	-62
276	-62
280	-62
284	-62
288	-62
292	-62
296	-62
300	-62
304	-62
308	-62
312	-62
316	-62
320	-62
324	-62
328	-62
332	-62
336	-62
211	-63
213	-63
215	-63
217	-63
219	-63
221	-63
223	-63
225	-63
227	-63
229	-63
231	-63
233	-63
235	-63
237	-63
239	-63
241	-63
243	-63
245	-63
247	-63
249	-63
251	-63
253	-63
255	-63
257	-63
259	-63
261	-63
263	-63
265	-63
267	-63
269	-63
271	-63
273	-63
275	-63
277	-63
279	-63
281	-63
283	-63
285	-63
287	-63
289	-63
291	-63
293	-63
295	-63
297	-63
299	-63
301	-63
303	-63
305	-63
307	-63
309	-63
311	-63
313	-63
315	-63
317	-63
319	-63
321	-63
323	-63
325	-63
327	-63
329	-63
331	-63
333	-63
335	-63
337	-63
210	-64
338	-64
209	-65
211	-65
337	-65
339	-65
208	-66
212	-66
336	-66
340	-66
207	-67
209	-67
211	-67
213	-67
335	-67
337	-67
339	-67
341	-67
206	-68
214	-68
334	-68
342	-68
205	-69
207	-69
213	-69
215	-69
333	-69
335	-69
341	-69
343	-69
204	-70
208	-70
212	-70
216	-70
332	-70
336	-70
340	-70
344	-70
203	-71
205	-71
207	-71
209	-71
211	-71
213	-71
215	-71
217	-71
331	-71
333	-71
335	-71
337	-71
339	-71
341	-71
343	-71
345	-71
202	-72
218	-72
330	-72
346	-72
201	-73
203	-73
217	-73
219	-73
329	-73
331	-73
345	-73
347	-73
200	-74
204	-74
216	-74
220	-74
328	-74
332	-74
344	-74
348	-74
199	-75
201	-75
203	-75
205	-75
215	-75
217	-75
219	-75
221	-75
327	-75
329	-75
331	-75
333	-75
343	-75
345	-75
347	-75
349	-75
198	-76
206	-76
214	-76
222	-76
326	-76
334	-76
342	-76
350	-76
197	-77
199	-77
205	-77
207	-77
213	-77
215	-77
221	-77
223	-77
325	-77
327	-77
333	-77
335	-77
341	-77
343	-77
349	-77
351	-77
196	-78
200	-78
204	-78
208	-78
212	-78
216	-78
220	-78
224	-78
324	-78
328	-78
332	-78
336	-78
340	-78
344	-78
348	-78
352	-78
195	-79
197	-79
199	-79
201	-79
203	-79
205	-79
207	-79
209	-79
211	-79
213	-79
215	-79
217	-79
219	-79
221	-79
223	-79
225	-79
323	-79
325	-79
327	-79
329	-79
331	-79
333	-79
335	-79
337	-79
339	-79
341	-79
343	-79
345	-79
347	-79
349	-79
351	-79
353	-79
194	-80
226	-80
322	-80
354	-80
193	-81
195	-81
225	-81
227	-81
321	-81
323	-81
353	-81
355	-81
192	-82
196	-82
224	-82
228	-82
320	-82
324	-82
352	-82
356	-82
191	-83
193	-83
195	-83
197	-83
223	-83
225	-83
227	-83
229	-83
319	-83
321	-83
323	-83
325	-83
351	-83
353	-83
355	-83
357	-83
190	-84
198	-84
222	-84
230	-84
318	-84
326	-84
350	-84
358	-84
189	-85
191	-85
197	-85
199	-85
221	-85
223	-85
229	-85
231	-85
317	-85
319	-85
325	-85
327	-85
349	-85
351	-85
357	-85
359	-85
188	-86
192	-86
196	-86
200	-86
220	-86
224	-86
228	-86
232	-86
316	-86
320	-86
324	-86
328	-86
348	-86
352	-86
356	-86
360	-86
187	-87
189	-87
191	-87
193	-87
195	-87
197	-87
199	-87
201	-87
219	-87
221	-87
223	-87
225	-87
227	-87
229	-87
231	-87
233	-87
315	-87
317	-87
319	-87
321	-87
323	-87
325	-87
327	-87
329	-87
347	-87
349	-87
351	-87
353	-87
355	-87
357	-87
359	-87
361	-87
186	-88
202	-88
218	-88
234	-88
314	-88
330	-88
346	-88
362	-88
185	-89
187	-89
201	-89
203	-89
217	-89
219	-89
233	-89
235	-89
313	-89
315	-89
329	-89
331	-89
345	-89
347	-89
361	-89
363	-89
184	-90
188	-90
200	-90
204	-90
216	-90
220	-90
232	-90
236	-90
312	-90
316	-90
328	-90
332	-90
344	-90
348	-90
360	-90
364	-90
183	-91
185	-91
187	-91
189	-91
199	-91
201	-91
203	-91
205	-91
215	-91
217	-91
219	-91
221	-91
231	-91
233	-91
235	-91
237	-91
311	-91
313	-91
315	-91
317	-91
327	-91
329	-91
331	-91
333	-91
343	-91
345	-91
347	-91
349	-91
359	-91
361	-91
363	-91
365	-91
182	-92
190	-92
198	-92
206	-92
214	-92
222	-92
230	-92
238	-92
310	-92
318	-92
326	-92
334	-92
342	-92
350	-92
358	-92
366	-92
181	-93
183	-93
189	-93
191	-93
197	-93
199	-93
205	-93
207	-93
213	-93
215	-93
221	-93
223	-93
229	-93
231	-93
237	-93
239	-93
309	-93
311	-93
317	-93
319	-93
325	-93
327	-93
333	-93
335	-93
341	-93
343	-93
349	-93
351	-93
357	-93
359	-93
365	-93
367	-93
180	-94
184	-94
188	-94
192	-94
196	-94
200	-94
204	-94
208	-94
212	-94
216	-94
220	-94
224	-94
228	-94
232	-94
236	-94
240	-94
308	-94
312	-94
316	-94
320	-94
324	-94
328	-94
332	-94
336	-94
340	-94
344	-94
348	-94
352	-94
356	-94
360	-94
364	-94
368	-94
179	-95
181	-95
183	-95
185	-95
187	-95
189	-95
191	-95
193	-95
195	-95
197	-95
199	-95
201	-95
203	-95
205	-95
207	-95
209	-95
211	-95
213	-95
215	-95
217	-95
219	-95
221	-95
223	-95
225	-95
227	-95
229	-95
231	-95
233	-95
235	-95
237	-95
239	-95
241	-95
307	-95
309	-95
311	-95
313	-95
315	-95
317	-95
319	-95
321	-95
323	-95
325	-95
327	-95
329	-95
331	-95
333	-95
335	-95
337	-95
339	-95
341	-95
343	-95
345	-95
347	-95
349	-95
351	-95
353	-95
355	-95
357	-95
359	-95
361	-95
363	-95
365	-95
367	-95
369	-95
178	-96
242	-96
306	-96
370	-96
177	-97
179	-97
241	-97
243	-97
305	-97
307	-97
369	-97
371	-97
176	-98
180	-98
240	-98
244	-98
304	-98
308	-98
368	-98
372	-98
175	-99
177	-99
179	-99
181	-99
239	-99
241	-99
243	-99
245	-99
303	-99
305	-99
307	-99
309	-99
367	-99
369	-99
371	-99
373	-99
174	-100
182	-100
238	-100
246	-100
302	-100
310	-100
366	-100
374	-100
173	-101
175	-101
181	-101
183	-101
237	-101
239	-101
245	-101
247	-101
301	-101
303	-101
309	-101
311	-101
365	-101
367	-101
373	-101
375	-101
172	-102
176	-102
180	-102
184	-102
236	-102
240	-102
244	-102
248	-102
300	-102
304	-102
308	-102
312	-102
364	-102
368	-102
372	-102
376	-102
171	-103
173	-103
175	-103
177	-103
179	-103
181	-103
183	-103
185	-103
235	-103
237	-103
239	-103
241	-103
243	-103
245	-103
247	-103
249	-103
299	-103
301	-103
303	-103
305	-103
307	-103
309	-103
311	-103
313	-103
363	-103
365	-103
367	-103
369	-103
371	-103
373	-103
375	-103
377	-103
170	-104
186	-104
234	-104
250	-104
298	-104
314	-104
362	-104
378	-104
169	-105
171	-105
185	-105
187	-105
233	-105
235	-105
249	-105
251	-105
297	-105
299	-105
313	-105
315	-105
361	-105
363	-105
377	-105
379	-105
168	-106
172	-106
184	-106
188	-106
232	-106
236	-106
248	-106
252	-106
296	-106
300	-106
312	-106
316	-106
360	-106
364	-106
376	-106
380	-106
167	-107
169	-107
171	-107
173	-107
183	-107
185	-107
187	-107
189	-107
231	-107
233	-107
235	-107
237	-107
247	-107
249	-107
251	-107
253	-107
295	-107
297	-107
299	-107
301	-107
311	-107
313	-107
315	-107
317	-107
359	-107
361	-107
363	-107
365	-107
375	-107
377	-107
379	-107
381	-107
166	-108
174	-108
182	-108
190	-108
230	-108
238	-108
246	-108
254	-108
294	-108
302	-108
310	-108
318	-108
358	-108
366	-108
374	-108
382	-108
165	-109
167	-109
173	-109
175	-109
181	-109
183	-109
189	-109
191	-109
229	-109
231	-109
237	-109
239	-109
245	-109
247	-109
253	-109
255	-109
293	-109
295	-109
301	-109
303	-109
309	-109
311	-109
317	-109
319	-109
357	-109
359	-109
365	-109
367	-109
373	-109
375	-109
381	-109
383	-109
164	-110
168	-110
172	-110
176	-110
180	-110
184	-110
188	-110
192	-110
228	-110
232	-110
236	-110
240	-110
244	-110
248	-110
252	-110
256	-110
292	-110
296	-110
300	-110
304	-110
308	-110
312	-110
316	-110
320	-110
356	-110
360	-110
364	-110
368	-110
372	-110
376	-110
380	-110
384	-110
163	-111
165	-111
167	-111
169	-111
171	-111
173	-111
175	-111
177	-111
179	-111
181	-111
183	-111
185	-111
187	-111
189	-111
191	-111
193	-111
227	-111
229	-111
231	-111
233	-111
235	-111
237	-111
239	-111
241	-111
243	-111
245	-111
247	-111
249	-111
251	-111
253	-111
255	-111
257	-111
291	-111
293	-111
295	-111
297	-111
299	-111
301	-111
303	-111
305	-111
307	-111
309	-111
311	-111
313	-111
315	-111
317	-111
319	-111
321	-111
355	-111
357	-111
359	-111
361	-111
363	-111
365	-111
367	-111
369	-111
371	-111
373	-111
375	-111
377	-111
379	-111
381	-111
383	-111
385	-111
162	-112
194	-112
226	-112
258	-112
290	-112
322	-112
354	-112
386	-112
161	-113
163	-113
193	-113
195	-113
225	-113
227	-113
257	-113
259	-113
289	-113
291	-113
321	-113
323	-113
353	-113
355	-113
385	-113
387	-113
160	-114
164	-114
192	-114
196	-114
224	-114
228	-114
256	-114
260	-114
288	-114
292	-114
320	-114
324	-114
352	-114
356	-114
384	-114
388	-114
159	-115
161	-115
163	-115
165	-115
191	-115
193	-115
195	-115
197	-115
223	-115
225	-115
227	-115
229	-115
255	-115
257	-115
259	-115
261	-115
287	-115
289	-115
291	-115
293	-115
319	-115
321	-115
323	-115
325	-115
351	-115
353	-115
355	-115
357	-115
383	-115
385	-115
387	-115
389	-115
158	-116
166	-116
190	-116
198	-116
222	-116
230	-116
254	-116
262	-116
286	-116
294	-116
318	-116
326	-116
350	-116
358	-116
382	-116
390	-116
157	-117
159	-117
165	-117
167	-117
189	-117
191	-117
197	-117
199	-117
221	-117
223	-117
229	-117
231	-117
253	-117
255	-117
261	-117
263	-117
285	-117
287	-117
293	-117
295	-117
317	-117
319	-117
325	-117
327	-117
349	-117
351	-117
357	-117
359	-117
381	-117
383	-117
389	-117
391	-117
156	-118
160	-118
164	-118
168	-118
188	-118
192	-118
196	-118
200	-118
220	-118
224	-118
228	-118
232	-118
252	-118
256	-118
260	-118
264	-118
284	-118
288	-118
292	-118
296	-118
316	-118
320	-118
324	-118
328	-118
348	-118
352	-118
356	-118
360	-118
380	-118
384	-118
388	-118
392	-118
155	-119
157	-119
159	-119
161	-119
163	-119
165	-119
167	-119
169	-119
187	-119
189	-119
191	-119
193	-119
195	-119
197	-119
199	-119
201	-119
219	-119
221	-119
223	-119
225	-119
227	-119
229	-119
231	-119
233	-119
251	-119
253	-119
255	-119
257	-119
259	-119
261	-119
263	-119
265	-119
283	-119
285	-119
287	-119
289	-119
291	-119
293	-119
295	-119
297	-119
315	-119
317	-119
319	-119
321	-119
323	-119
325	-119
327	-119
329	-119
347	-119
349	-119
351	-119
353	-119
355	-119
357	-119
359	-119
361	-119
379	-119
381	-119
383	-119
385	-119
387	-119
389	-119
391	-119
393	-119
154	-120
170	-120
186	-120
202	-120
218	-120
234	-120
250	-120
266	-120
282	-120
298	-120
314	-120
330	-120
346	-120
362	-120
378	-120
394	-120
153	-121
155	-121
169	-121
171	-121
185	-121
187	-121
201	-121
203	-121
217	-121
219	-121
233	-121
235	-121
249	-121
251	-121
265	-121
267	-121
281	-121
283	-121
297	-121
299	-121
313	-121
315	-121
329	-121
331	-121
345	-121
347	-121
361	-121
363	-121
377	-121
379	-121
393	-121
395	-121
152	-122
156	-122
168	-122
172	-122
184	-122
188	-122
200	-122
204	-122
216	-122
220	-122
232	-122
236	-122
248	-122
252	-122
264	-122
268	-122
280	-122
284	-122
296	-122
300	-122
312	-122
316	-122
328	-122
332	-122
344	-122
348	-122
360	-122
364	-122
376	-122
380	-122
392	-122
396	-122
151	-123
153	-123
155	-123
157	-123
167	-123
169	-123
171	-123
173	-123
183	-123
185	-123
187	-123
189	-123
199	-123
201	-123
203	-123
205	-123
215	-123
217	-123
219	-123
221	-123
231	-123
233	-123
235	-123
237	-123
247	-123
249	-123
251	-123
253	-123
263	-123
265	-123
267	-123
269	-123
279	-123
281	-123
283	-123
285	-123
295	-123
297	-123
299	-123
301	-123
311	-123
313	-123
315	-123
317	-123
327	-123
329	-123
331	-123
333	-123
343	-123
345	-123
347	-123
349	-123
359	-123
361	-123
363	-123
365	-123
375	-123
377	-123
379	-123
381	-123
391	-123
393	-123
395	-123
397	-123
150	-124
158	-124
166	-124
174	-124
182	-124
190	-124
198	-124
206	-124
214	-124
222	-124
230	-124
238	-124
246	-124
254	-124
262	-124
270	-124
278	-124
286	-124
294	-124
302	-124
310	-124
318	-124
326	-124
334	-124
342	-124
350	-124
358	-124
366	-124
374	-124
382	-124
390	-124
398	-124
149	-125
151	-125
157	-125
159	-125
165	-125
167	-125
173	-125
175	-125
181	-125
183	-125
189	-125
191	-125
197	-125
199	-125
205	-125
207	-125
213	-125
215	-125
221	-125
223	-125
229	-125
231	-125
237	-125
239	-125
245	-125
247	-125
253	-125
255	-125
261	-125
263	-125
269	-125
271	-125
277	-125
279	-125
285	-125
287	-125
293	-125
295	-125
301	-125
303	-125
309	-125
311	-125
317	-125
319	-125
325	-125
327	-125
333	-125
335	-125
341	-125
343	-125
349	-125
351	-125
357	-125
359	-125
365	-125
367	-125
373	-125
375	-125
381	-125
383	-125
389	-125
391	-125
397	-125
399	-125
148	-126
152	-126
156	-126
160	-126
164	-126
168	-126
172	-126
176	-126
180	-126
184	-126
188	-126
192	-126
196	-126
200	-126
204	-126
208	-126
212	-126
216	-126
220	-126
224	-126
228	-126
232	-126
236	-126
240	-126
244	-126
248	-126
252	-126
256	-126
260	-126
264	-126
268	-126
272	-126
276	-126
280	-126
284	-126
288	-126
292	-126
296	-126
300	-126
304	-126
308	-126
312	-126
316	-126
320	-126
324	-126
328	-126
332	-126
336	-126
340	-126
344	-126
348	-126
352	-126
356	-126
360	-126
364	-126
368	-126
372	-126
376	-126
380	-126
384	-126
388	-126
392	-126
396	-126
400	-126
147	-127
149	-127
151	-127
153	-127
155	-127
157	-127
159	-127
161	-127
163	-127
165	-127
167	-127
169	-127
171	-127
173	-127
175	-127
177	-127
179	-127
181	-127
183	-127
185	-127
187	-127
189	-127
191	-127
193	-127
195	-127
197	-127
199	-127
201	-127
203	-127
205	-127
207	-127
209	-127
211	-127
213	-127
215	-127
217	-127
219	-127
221	-127
223	-127
225	-127
227	-127
229	-127
231	-127
233	-127
235	-127
237	-127
239	-127
241	-127
243	-127
245	-127
247	-127
249	-127
251	-127
253	-127
255	-127
257	-127
259	-127
261	-127
263	-127
265	-127
267	-127
269	-127
271	-127
273	-127
275	-127
277	-127
279	-127
281	-127
283	-127
285	-127
287	-127
289	-127
291	-127
293	-127
295	-127
297	-127
299	-127
301	-127
303	-127
305	-127
307	-127
309	-127
311	-127
313	-127
315	-127
317	-127
319	-127
321	-127
323	-127
325	-127
327	-127
329	-127
331	-127
333	-127
335	-127
337	-127
339	-127
341	-127
343	-127
345	-127
347	-127
349	-127
351	-127
353	-127
355	-127
357	-127
359	-127
361	-127
363	-127
365	-127
367	-127
369	-127
371	-127
373	-127
375	-127
377	-127
379	-127
381	-127
383	-127
385	-127
387	-127
389	-127
391	-127
393	-127
395	-127
397	-127
399	-127
401	-127
146	-128
402	-128
145	-129
147	-129
401	-129
403	-129
144	-130
148	-130
400	-130
404	-130
143	-131
145	-131
147	-131
149	-131
399	-131
401	-131
403	-131
405	-131
142	-132
150	-132
398	-132
406	-132
141	-133
143	-133
149	-133
151	-133
397	-133
399	-133
405	-133
407	-133
140	-134
144	-134
148	-134
152	-134
396	-134
400	-134
404	-134
408	-134
139	-135
141	-135
143	-135
145	-135
147	-135
149	-135
151	-135
153	-135
395	-135
397	-135
399	-135
401	-135
403	-135
405	-135
407	-135
409	-135
138	-136
154	-136
394	-136
410	-136
137	-137
139	-137
153	-137
155	-137
393	-137
395	-137
409	-137
411	-137
136	-138
140	-138
152	-138
156	-138
392	-138
396	-138
408	-138
412	-138
135	-139
137	-139
139	-139
141	-139
151	-139
153	-139
155	-139
157	-139
391	-139
393	-139
395	-139
397	-139
407	-139
409	-139
411	-139
413	-139
134	-140
142	-140
150	-140
158	-140
390	-140
398	-140
406	-140
414	-140
133	-141
135	-141
141	-141
143	-141
149	-141
151	-141
157	-141
159	-141
389	-141
391	-141
397	-141
399	-141
405	-141
407	-141
413	-141
415	-141
132	-142
136	-142
140	-142
144	-142
148	-142
152	-142
156	-142
160	-142
388	-142
392	-142
396	-142
400	-142
404	-142
408	-142
412	-142
416	-142
131	-143
133	-143
135	-143
137	-143
139	-143
141	-143
143	-143
145	-143
147	-143
149	-143
151	-143
153	-143
155	-143
157	-143
159	-143
161	-143
387	-143
389	-143
391	-143
393	-143
395	-143
397	-143
399	-143
401	-143
403	-143
405	-143
407	-143
409	-143
411	-143
413	-143
415	-143
417	-143
130	-144
162	-144
386	-144
418	-144
129	-145
131	-145
161	-145
163	-145
385	-145
387	-145
417	-145
419	-145
128	-146
132	-146
160	-146
164	-146
384	-146
388	-146
416	-146
420	-146
127	-147
129	-147
131	-147
133	-147
159	-147
161	-147
163	-147
165	-147
383	-147
385	-147
387	-147
389	-147
415	-147
417	-147
419	-147
421	-147
126	-148
134	-148
158	-148
166	-148
382	-148
390	-148
414	-148
422	-148
125	-149
127	-149
133	-149
135	-149
157	-149
159	-149
165	-149
167	-149
381	-149
383	-149
389	-149
391	-149
413	-149
415	-149
421	-149
423	-149
124	-150
128	-150
132	-150
136	-150
156	-150
160	-150
164	-150
168	-150
380	-150
384	-150
388	-150
392	-150
412	-150
416	-150
420	-150
424	-150
123	-151
125	-151
127	-151
129	-151
131	-151
133	-151
135	-151
137	-151
155	-151
157	-151
159	-151
161	-151
163	-151
165	-151
167	-151
169	-151
379	-151
381	-151
383	-151
385	-151
387	-151
389	-151
391	-151
393	-151
411	-151
413	-151
415	-151
417	-151
419	-151
421	-151
423	-151
425	-151
122	-152
138	-152
154	-152
170	-152
378	-152
394	-152
410	-152
426	-152
121	-153
123	-153
137	-153
139	-153
153	-153
155	-153
169	-153
171	-153
377	-153
379	-153
393	-153
395	-153
409	-153
411	-153
425	-153
427	-153
120	-154
124	-154
136	-154
140	-154
152	-154
156	-154
168	-154
172	-154
376	-154
380	-154
392	-154
396	-154
408	-154
412	-154
424	-154
428	-154
119	-155
121	-155
123	-155
125	-155
135	-155
137	-155
139	-155
141	-155
151	-155
153	-155
155	-155
157	-155
167	-155
169	-155
171	-155
173	-155
375	-155
377	-155
379	-155
381	-155
391	-155
393	-155
395	-155
397	-155
407	-155
409	-155
411	-155
413	-155
423	-155
425	-155
427	-155
429	-155
118	-156
126	-156
134	-156
142	-156
150	-156
158	-156
166	-156
174	-156
374	-156
382	-156
390	-156
398	-156
406	-156
414	-156
422	-156
430	-156
117	-157
119	-157
125	-157
127	-157
133	-157
135	-157
141	-157
143	-157
149	-157
151	-157
157	-157
159	-157
165	-157
167	-157
173	-157
175	-157
373	-157
375	-157
381	-157
383	-157
389	-157
391	-157
397	-157
399	-157
405	-157
407	-157
413	-157
415	-157
421	-157
423	-157
429	-157
431	-157
116	-158
120	-158
124	-158
128	-158
132	-158
136	-158
140	-158
144	-158
148	-158
152	-158
156	-158
160	-158
164	-158
168	-158
172	-158
176	-158
372	-158
376	-158
380	-158
384	-158
388	-158
392	-158
396	-158
400	-158
404	-158
408	-158
412	-158
416	-158
420	-158
424	-158
428	-158
432	-158
115	-159
117	-159
119	-159
121	-159
123	-159
125	-159
127	-159
129	-159
131	-159
133	-159
135	-159
137	-159
139	-159
141	-159
143	-159
145	-159
147	-159
149	-159
151	-159
153	-159
155	-159
157	-159
159	-159
161	-159
163	-159
165	-159
167	-159
169	-159
171	-159
173	-159
175	-159
177	-159
371	-159
373	-159
375	-159
377	-159
379	-159
381	-159
383	-159
385	-159
387	-159
389	-159
391	-159
393	-159
395	-159
397	-159
399	-159
401	-159
403	-159
405	-159
407	-159
409	-159
411	-159
413	-159
415	-159
417	-159
419	-159
421	-159
423	-159
425	-159
427	-159
429	-159
431	-159
433	-159
114	-160
178	-160
370	-160
434	-160
113	-161
115	-161
177	-161
179	-161
369	-161
371	-161
433	-161
435	-161
112	-162
116	-162
176	-162
180	-162
368	-162
372	-162
432	-162
436	-162
111	-163
113	-163
115	-163
117	-163
175	-163
177	-163
179	-163
181	-163
367	-163
369	-163
371	-163
373	-163
431	-163
433	-163
435	-163
437	-163
110	-164
118	-164
174	-164
182	-164
366	-164
374	-164
430	-164
438	-164
109	-165
111	-165
117	-165
119	-165
173	-165
175	-165
181	-165
183	-165
365	-165
367	-165
373	-165
375	-165
429	-165
431	-165
437	-165
439	-165
108	-166
112	-166
116	-166
120	-166
172	-166
176	-166
180	-166
184	-166
364	-166
368	-166
372	-166
376	-166
428	-166
432	-166
436	-166
440	-166
107	-167
109	-167
111	-167
113	-167
115	-167
117	-167
119	-167
121	-167
171	-167
173	-167
175	-167
177	-167
179	-167
181	-167
183	-167
185	-167
363	-167
365	-167
367	-167
369	-167
371	-167
373	-167
375	-167
377	-167
427	-167
429	-167
431	-167
433	-167
435	-167
437	-167
439	-167
441	-167
106	-168
122	-168
170	-168
186	-168
362	-168
378	-168
426	-168
442	-168
105	-169
107	-169
121	-169
123	-169
169	-169
171	-169
185	-169
187	-169
361	-169
363	-169
377	-169
379	-169
425	-169
427	-169
441	-169
443	-169
104	-170
108	-170
120	-170
124	-170
168	-170
172	-170
184	-170
188	-170
360	-170
364	-170
376	-170
380	-170
424	-170
428	-170
440	-170
444	-170
103	-171
105	-171
107	-171
109	-171
119	-171
121	-171
123	-171
125	-171
167	-171
169	-171
171	-171
173	-171
183	-171
185	-171
187	-171
189	-171
359	-171
361	-171
363	-171
365	-171
375	-171
377	-171
379	-171
381	-171
423	-171
425	-171
427	-171
429	-171
439	-171
441	-171
443	-171
445	-171
102	-172
110	-172
118	-172
126	-172
166	-172
174	-172
182	-172
190	-172
358	-172
366	-172
374	-172
382	-172
422	-172
430	-172
438	-172
446	-172
101	-173
103	-173
109	-173
111	-173
117	-173
119	-173
125	-173
127	-173
165	-173
167	-173
173	-173
175	-173
181	-173
183	-173
189	-173
191	-173
357	-173
359	-173
365	-173
367	-173
373	-173
375	-173
381	-173
383	-173
421	-173
423	-173
429	-173
431	-173
437	-173
439	-173
445	-173
447	-173
100	-174
104	-174
108	-174
112	-174
116	-174
120	-174
124	-174
128	-174
164	-174
168	-174
172	-174
176	-174
180	-174
184	-174
188	-174
192	-174
356	-174
360	-174
364	-174
368	-174
372	-174
376	-174
380	-174
384	-174
420	-174
424	-174
428	-174
432	-174
436	-174
440	-174
444	-174
448	-174
99	-175
101	-175
103	-175
105	-175
107	-175
109	-175
111	-175
113	-175
115	-175
117	-175
119	-175
121	-175
123	-175
125	-175
127	-175
129	-175
163	-175
165	-175
167	-175
169	-175
171	-175
173	-175
175	-175
177	-175
179	-175
181	-175
183	-175
185	-175
187	-175
189	-175
191	-175
193	-175
355	-175
357	-175
359	-175
361	-175
363	-175
365	-175
367	-175
369	-175
371	-175
373	-175
375	-175
377	-175
379	-175
381	-175
383	-175
385	-175
419	-175
421	-175
423	-175
425	-175
427	-175
429	-175
431	-175
433	-175
435	-175
437	-175
439	-175
441	-175
443	-175
445	-175
447	-175
449	-175
98	-176
130	-176
162	-176
194	-176
354	-176
386	-176
418	-176
450	-176
97	-177
99	-177
129	-177
131	-177
161	-177
163	-177
193	-177
195	-177
353	-177
355	-177
385	-177
387	-177
417	-177
419	-177
449	-177
451	-177
96	-178
100	-178
128	-178
132	-178
160	-178
164	-178
192	-178
196	-178
352	-178
356	-178
384	-178
388	-178
416	-178
420	-178
448	-178
452	-178
95	-179
97	-179
99	-179
101	-179
127	-179
129	-179
131	-179
133	-179
159	-179
161	-179
163	-179
165	-179
191	-179
193	-179
195	-179
197	-179
351	-179
353	-179
355	-179
357	-179
383	-179
385	-179
387	-179
389	-179
415	-179
417	-179
419	-179
421	-179
447	-179
449	-179
451	-179
453	-179
94	-180
102	-180
126	-180
134	-180
158	-180
166	-180
190	-180
198	-180
350	-180
358	-180
382	-180
390	-180
414	-180
422	-180
446	-180
454	-180
93	-181
95	-181
101	-181
103	-181
125	-181
127	-181
133	-181
135	-181
157	-181
159	-181
165	-181
167	-181
189	-181
191	-181
197	-181
199	-181
349	-181
351	-181
357	-181
359	-181
381	-181
383	-181
389	-181
391	-181
413	-181
415	-181
421	-181
423	-181
445	-181
447	-181
453	-181
455	-181
92	-182
96	-182
100	-182
104	-182
124	-182
128	-182
132	-182
136	-182
156	-182
160	-182
164	-182
168	-182
188	-182
192	-182
196	-182
200	-182
348	-182
352	-182
356	-182
360	-182
380	-182
384	-182
388	-182
392	-182
412	-182
416	-182
420	-182
424	-182
444	-182
448	-182
452	-182
456	-182
91	-183
93	-183
95	-183
97	-183
99	-183
101	-183
103	-183
105	-183
123	-183
125	-183
127	-183
129	-183
131	-183
133	-183
135	-183
137	-183
155	-183
157	-183
159	-183
161	-183
163	-183
165	-183
167	-183
169	-183
187	-183
189	-183
191	-183
193	-183
195	-183
197	-183
199	-183
201	-183
347	-183
349	-183
351	-183
353	-183
355	-183
357	-183
359	-183
361	-183
379	-183
381	-183
383	-183
385	-183
387	-183
389	-183
391	-183
393	-183
411	-183
413	-183
415	-183
417	-183
419	-183
421	-183
423	-183
425	-183
443	-183
445	-183
447	-183
449	-183
451	-183
453	-183
455	-183
457	-183
90	-184
106	-184
122	-184
138	-184
154	-184
170	-184
186	-184
202	-184
346	-184
362	-184
378	-184
394	-184
410	-184
426	-184
442	-184
458	-184
89	-185
91	-185
105	-185
107	-185
121	-185
123	-185
137	-185
139	-185
153	-185
155	-185
169	-185
171	-185
185	-185
187	-185
201	-185
203	-185
345	-185
347	-185
361	-185
363	-185
377	-185
379	-185
393	-185
395	-185
409	-185
411	-185
425	-185
427	-185
441	-185
443	-185
457	-185
459	-185
88	-186
92	-186
104	-186
108	-186
120	-186
124	-186
136	-186
140	-186
152	-186
156	-186
168	-186
172	-186
184	-186
188	-186
200	-186
204	-186
344	-186
348	-186
360	-186
364	-186
376	-186
380	-186
392	-186
396	-186
408	-186
412	-186
424	-186
428	-186
440	-186
444	-186
456	-186
460	-186
87	-187
89	-187
91	-187
93	-187
103	-187
105	-187
107	-187
109	-187
119	-187
121	-187
123	-187
125	-187
135	-187
137	-187
139	-187
141	-187
151	-187
153	-187
155	-187
157	-187
167	-187
169	-187
171	-187
173	-187
183	-187
185	-187
187	-187
189	-187
199	-187
201	-187
203	-187
205	-187
343	-187
345	-187
347	-187
349	-187
359	-187
361	-187
363	-187
365	-187
375	-187
377	-187
379	-187
381	-187
391	-187
393	-187
395	-187
397	-187
407	-187
409	-187
411	-187
413	-187
423	-187
425	-187
427	-187
429	-187
439	-187
441	-187
443	-187
445	-187
455	-187
457	-187
459	-187
461	-187
86	-188
94	-188
102	-188
110	-188
118	-188
126	-188
134	-188
142	-188
150	-188
158	-188
166	-188
174	-188
182	-188
190	-188
198	-188
206	-188
342	-188
350	-188
358	-188
366	-188
374	-188
382	-188
390	-188
398	-188
406	-188
414	-188
422	-188
430	-188
438	-188
446	-188
454	-188
462	-188
85	-189
87	-189
93	-189
95	-189
101	-189
103	-189
109	-189
111	-189
117	-189
119	-189
125	-189
127	-189
133	-189
135	-189
141	-189
143	-189
149	-189
151	-189
157	-189
159	-189
165	-189
167	-189
173	-189
175	-189
181	-189
183	-189
189	-189
191	-189
197	-189
199	-189
205	-189
207	-189
341	-189
343	-189
349	-189
351	-189
357	-189
359	-189
365	-189
367	-189
373	-189
375	-189
381	-189
383	-189
389	-189
391	-189
397	-189
399	-189
405	-189
407	-189
413	-189
415	-189
421	-189
423	-189
429	-189
431	-189
437	-189
439	-189
445	-189
447	-189
453	-189
455	-189
461	-189
463	-189
84	-190
88	-190
92	-190
96	-190
100	-190
104	-190
108	-190
112	-190
116	-190
120	-190
124	-190
128	-190
132	-190
136	-190
140	-190
144	-190
148	-190
152	-190
156	-190
160	-190
164	-190
168	-190
172	-190
176	-190
180	-190
184	-190
188	-190
192	-190
196	-190
200	-190
204	-190
208	-190
340	-190
344	-190
348	-190
352	-190
356	-190
360	-190
364	-190
368	-190
372	-190
376	-190
380	-190
384	-190
388	-190
392	-190
396	-190
400	-190
404	-190
408	-190
412	-190
416	-190
420	-190
424	-190
428	-190
432	-190
436	-190
440	-190
444	-190
448	-190
452	-190
456	-190
460	-190
464	-190
83	-191
85	-191
87	-191
89	-191
91	-191
93	-191
95	-191
97	-191
99	-191
101	-191
103	-191
105	-191
107	-191
109	-191
111	-191
113	-191
115	-191
117	-191
119	-191
121	-191
123	-191
125	-191
127	-191
129	-191
131	-191
133	-191
135	-191
137	-191
139	-191
141	-191
143	-191
145	-191
147	-191
149	-191
151	-191
153	-191
155	-191
157	-191
159	-191
161	-191
163	-191
165	-191
167	-191
169	-191
171	-191
173	-191
175	-191
177	-191
179	-191
181	-191
183	-191
185	-191
187	-191
189	-191
191	-191
193	-191
195	-191
197	-191
199	-191
201	-191
203	-191
205	-191
207	-191
209	-191
339	-191
341	-191
343	-191
345	-191
347	-191
349	-191
351	-191
353	-191
355	-191
357	-191
359	-191
361	-191
363	-191
365	-191
367	-191
369	-191
371	-191
373	-191
375	-191
377	-191
379	-191
381	-191
383	-191
385	-191
387	-191
389	-191
391	-191
393	-191
395	-191
397	-191
399	-191
401	-191
403	-191
405	-191
407	-191
409	-191
411	-191
413	-191
415	-191
417	-191
419	-191
421	-191
423	-191
425	-191
427	-191
429	-191
431	-191
433	-191
435	-191
437	-191
439	-191
441	-191
443	-191
445	-191
447	-191
449	-191
451	-191
453	-191
455	-191
457	-191
459	-191
461	-191
463	-191
465	-191
82	-192
210	-192
338	-192
466	-192
81	-193
83	-193
209	-193
211	-193
337	-193
339	-193
465	-193
467	-193
80	-194
84	-194
208	-194
212	-194
336	-194
340	-194
464	-194
468	-194
79	-195
81	-195
83	-195
85	-195
207	-195
209	-195
211	-195
213	-195
335	-195
337	-195
339	-195
341	-195
463	-195
465	-195
467	-195
469	-195
78	-196
86	-196
206	-196
214	-196
334	-196
342	-196
462	-196
470	-196
77	-197
79	-197
85	-197
87	-197
205	-197
207	-197
213	-197
215	-197
333	-197
335	-197
341	-197
343	-197
461	-197
463	-197
469	-197
471	-197
76	-198
80	-198
84	-198
88	-198
204	-198
208	-198
212	-198
216	-198
332	-198
336	-198
340	-198
344	-198
460	-198
464	-198
468	-198
472	-198
75	-199
77	-199
79	-199
81	-199
83	-199
85	-199
87	-199
89	-199
203	-199
205	-199
207	-199
209	-199
211	-199
213	-199
215	-199
217	-199
331	-199
333	-199
335	-199
337	-199
339	-199
341	-199
343	-199
345	-199
459	-199
461	-199
463	-199
465	-199
467	-199
469	-199
471	-199
473	-199
74	-200
90	-200
202	-200
218	-200
330	-200
346	-200
458	-200
474	-200
73	-201
75	-201
89	-201
91	-201
201	-201
203	-201
217	-201
219	-201
329	-201
331	-201
345	-201
347	-201
457	-201
459	-201
473	-201
475	-201
72	-202
76	-202
88	-202
92	-202
200	-202
204	-202
216	-202
220	-202
328	-202
332	-202
344	-202
348	-202
456	-202
460	-202
472	-202
476	-202
71	-203
73	-203
75	-203
77	-203
87	-203
89	-203
91	-203
93	-203
199	-203
201	-203
203	-203
205	-203
215	-203
217	-203
219	-203
221	-203
327	-203
329	-203
331	-203
333	-203
343	-203
345	-203
347	-203
349	-203
455	-203
457	-203
459	-203
461	-203
471	-203
473	-203
475	-203
477	-203
70	-204
78	-204
86	-204
94	-204
198	-204
206	-204
214	-204
222	-204
326	-204
334	-204
342	-204
350	-204
454	-204
462	-204
470	-204
478	-204
69	-205
71	-205
77	-205
79	-205
85	-205
87	-205
93	-205
95	-205
197	-205
199	-205
205	-205
207	-205
213	-205
215	-205
221	-205
223	-205
325	-205
327	-205
333	-205
335	-205
341	-205
343	-205
349	-205
351	-205
453	-205
455	-205
461	-205
463	-205
469	-205
471	-205
477	-205
479	-205
68	-206
72	-206
76	-206
80	-206
84	-206
88	-206
92	-206
96	-206
196	-206
200	-206
204	-206
208	-206
212	-206
216	-206
220	-206
224	-206
324	-206
328	-206
332	-206
336	-206
340	-206
344	-206
348	-206
352	-206
452	-206
456	-206
460	-206
464	-206
468	-206
472	-206
476	-206
480	-206
67	-207
69	-207
71	-207
73	-207
75	-207
77	-207
79	-207
81	-207
83	-207
85	-207
87	-207
89	-207
91	-207
93	-207
95	-207
97	-207
195	-207
197	-207
199	-207
201	-207
203	-207
205	-207
207	-207
209	-207
211	-207
213	-207
215	-207
217	-207
219	-207
221	-207
223	-207
225	-207
323	-207
325	-207
327	-207
329	-207
331	-207
333	-207
335	-207
337	-207
339	-207
341	-207
343	-207
345	-207
347	-207
349	-207
351	-207
353	-207
451	-207
453	-207
455	-207
457	-207
459	-207
461	-207
463	-207
465	-207
467	-207
469	-207
471	-207
473	-207
475	-207
477	-207
479	-207
481	-207
66	-208
98	-208
194	-208
226	-208
322	-208
354	-208
450	-208
482	-208
65	-209
67	-209
97	-209
99	-209
193	-209
195	-209
225	-209
227	-209
321	-209
323	-209
353	-209
355	-209
449	-209
451	-209
481	-209
483	-209
64	-210
68	-210
96	-210
100	-210
192	-210
196	-210
224	-210
228	-210
320	-210
324	-210
352	-210
356	-210
448	-210
452	-210
480	-210
484	-210
63	-211
65	-211
67	-211
69	-211
95	-211
97	-211
99	-211
101	-211
191	-211
193	-211
195	-211
197	-211
223	-211
225	-211
227	-211
229	-211
319	-211
321	-211
323	-211
325	-211
351	-211
353	-211
355	-211
357	-211
447	-211
449	-211
451	-211
453	-211
479	-211
481	-211
483	-211
485	-211
62	-212
70	-212
94	-212
102	-212
190	-212
198	-212
222	-212
230	-212
318	-212
326	-212
350	-212
358	-212
446	-212
454	-212
478	-212
486	-212
61	-213
63	-213
69	-213
71	-213
93	-213
95	-213
101	-213
103	-213
189	-213
191	-213
197	-213
199	-213
221	-213
223	-213
229	-213
231	-213
317	-213
319	-213
325	-213
327	-213
349	-213
351	-213
357	-213
359	-213
445	-213
447	-213
453	-213
455	-213
477	-213
479	-213
485	-213
487	-213
60	-214
64	-214
68	-214
72	-214
92	-214
96	-214
100	-214
104	-214
188	-214
192	-214
196	-214
200	-214
220	-214
224	-214
228	-214
232	-214
316	-214
320	-214
324	-214
328	-214
348	-214
352	-214
356	-214
360	-214
444	-214
448	-214
452	-214
456	-214
476	-214
480	-214
484	-214
488	-214
59	-215
61	-215
63	-215
65	-215
67	-215
69	-215
71	-215
73	-215
91	-215
93	-215
95	-215
97	-215
99	-215
101	-215
103	-215
105	-215
187	-215
189	-215
191	-215
193	-215
195	-215
197	-215
199	-215
201	-215
219	-215
221	-215
223	-215
225	-215
227	-215
229	-215
231	-215
233	-215
315	-215
317	-215
319	-215
321	-215
323	-215
325	-215
327	-215
329	-215
347	-215
349	-215
351	-215
353	-215
355	-215
357	-215
359	-215
361	-215
443	-215
445	-215
447	-215
449	-215
451	-215
453	-215
455	-215
457	-215
475	-215
477	-215
479	-215
481	-215
483	-215
485	-215
487	-215
489	-215
58	-216
74	-216
90	-216
106	-216
186	-216
202	-216
218	-216
234	-216
314	-216
330	-216
346	-216
362	-216
442	-216
458	-216
474	-216
490	-216
57	-217
59	-217
73	-217
75	-217
89	-217
91	-217
105	-217
107	-217
185	-217
187	-217
201	-217
203	-217
217	-217
219	-217
233	-217
235	-217
313	-217
315	-217
329	-217
331	-217
345	-217
347	-217
361	-217
363	-217
441	-217
443	-217
457	-217
459	-217
473	-217
475	-217
489	-217
491	-217
56	-218
60	-218
72	-218
76	-218
88	-218
92	-218
104	-218
108	-218
184	-218
188	-218
200	-218
204	-218
216	-218
220	-218
232	-218
236	-218
312	-218
316	-218
328	-218
332	-218
344	-218
348	-218
360	-218
364	-218
440	-218
444	-218
456	-218
460	-218
472	-218
476	-218
488	-218
492	-218
55	-219
57	-219
59	-219
61	-219
71	-219
73	-219
75	-219
77	-219
87	-219
89	-219
91	-219
93	-219
103	-219
105	-219
107	-219
109	-219
183	-219
185	-219
187	-219
189	-219
199	-219
201	-219
203	-219
205	-219
215	-219
217	-219
219	-219
221	-219
231	-219
233	-219
235	-219
237	-219
311	-219
313	-219
315	-219
317	-219
327	-219
329	-219
331	-219
333	-219
343	-219
345	-219
347	-219
349	-219
359	-219
361	-219
363	-219
365	-219
439	-219
441	-219
443	-219
445	-219
455	-219
457	-219
459	-219
461	-219
471	-219
473	-219
475	-219
477	-219
487	-219
489	-219
491	-219
493	-219
54	-220
62	-220
70	-220
78	-220
86	-220
94	-220
102	-220
110	-220
182	-220
190	-220
198	-220
206	-220
214	-220
222	-220
230	-220
238	-220
310	-220
318	-220
326	-220
334	-220
342	-220
350	-220
358	-220
366	-220
438	-220
446	-220
454	-220
462	-220
470	-220
478	-220
486	-220
494	-220
53	-221
55	-221
61	-221
63	-221
69	-221
71	-221
77	-221
79	-221
85	-221
87	-221
93	-221
95	-221
101	-221
103	-221
109	-221
111	-221
181	-221
183	-221
189	-221
191	-221
197	-221
199	-221
205	-221
207	-221
213	-221
215	-221
221	-221
223	-221
229	-221
231	-221
237	-221
239	-221
309	-221
311	-221
317	-221
319	-221
325	-221
327	-221
333	-221
335	-221
341	-221
343	-221
349	-221
351	-221
357	-221
359	-221
365	-221
367	-221
437	-221
439	-221
445	-221
447	-221
453	-221
455	-221
461	-221
463	-221
469	-221
471	-221
477	-221
479	-221
485	-221
487	-221
493	-221
495	-221
52	-222
56	-222
60	-222
64	-222
68	-222
72	-222
76	-222
80	-222
84	-222
88	-222
92	-222
96	-222
100	-222
104	-222
108	-222
112	-222
180	-222
184	-222
188	-222
192	-222
196	-222
200	-222
204	-222
208	-222
212	-222
216	-222
220	-222
224	-222
228	-222
232	-222
236	-222
240	-222
308	-222
312	-222
316	-222
320	-222
324	-222
328	-222
332	-222
336	-222
340	-222
344	-222
348	-222
352	-222
356	-222
360	-222
364	-222
368	-222
436	-222
440	-222
444	-222
448	-222
452	-222
456	-222
460	-222
464	-222
468	-222
472	-222
476	-222
480	-222
484	-222
488	-222
492	-222
496	-222
51	-223
53	-223
55	-223
57	-223
59	-223
61	-223
63	-223
65	-223
67	-223
69	-223
71	-223
73	-223
75	-223
77	-223
79	-223
81	-223
83	-223
85	-223
87	-223
89	-223
91	-223
93	-223
95	-223
97	-223
99	-223
101	-223
103	-223
105	-223
107	-223
109	-223
111	-223
113	-223
179	-223
181	-223
183	-223
185	-223
187	-223
189	-223
191	-223
193	-223
195	-223
197	-223
199	-223
201	-223
203	-223
205	-223
207	-223
209	-223
211	-223
213	-223
215	-223
217	-223
219	-223
221	-223
223	-223
225	-223
227	-223
229	-223
231	-223
233	-223
235	-223
237	-223
239	-223
241	-223
307	-223
309	-223
311	-223
313	-223
315	-223
317	-223
319	-223
321	-223
323	-223
325	-223
327	-223
329	-223
331	-223
333	-223
335	-223
337	-223
339	-223
341	-223
343	-223
345	-223
347	-223
349	-223
351	-223
353	-223
355	-223
357	-223
359	-223
361	-223
363	-223
365	-223
367	-223
369	-223
435	-223
437	-223
439	-223
441	-223
443	-223
445	-223
447	-223
449	-223
451	-223
453	-223
455	-223
457	-223
459	-223
461	-223
463	-223
465	-223
467	-223
469	-223
471	-223
473	-223
475	-223
477	-223
479	-223
481	-223
483	-223
485	-223
487	-223
489	-223
491	-223
493	-223
495	-223
497	-223
50	-224
114	-224
178	-224
242	-224
306	-224
370	-224
434	-224
498	-224
49	-225
51	-225
113	-225
115	-225
177	-225
179	-225
241	-225
243	-225
305	-225
307	-225
369	-225
371	-225
433	-225
435	-225
497	-225
499	-225
48	-226
52	-226
112	-226
116	-226
176	-226
180	-226
240	-226
244	-226
304	-226
308	-226
368	-226
372	-226
432	-226
436	-226
496	-226
500	-226
47	-227
49	-227
51	-227
53	-227
111	-227
113	-227
115	-227
117	-227
175	-227
177	-227
179	-227
181	-227
239	-227
241	-227
243	-227
245	-227
303	-227
305	-227
307	-227
309	-227
367	-227
369	-227
371	-227
373	-227
431	-227
433	-227
435	-227
437	-227
495	-227
497	-227
499	-227
501	-227
46	-228
54	-228
110	-228
118	-228
174	-228
182	-228
238	-228
246	-228
302	-228
310	-228
366	-228
374	-228
430	-228
438	-228
494	-228
502	-228
45	-229
47	-229
53	-229
55	-229
109	-229
111	-229
117	-229
119	-229
173	-229
175	-229
181	-229
183	-229
237	-229
239	-229
245	-229
247	-229
301	-229
303	-229
309	-229
311	-229
365	-229
367	-229
373	-229
375	-229
429	-229
431	-229
437	-229
439	-229
493	-229
495	-229
501	-229
503	-229
44	-230
48	-230
52	-230
56	-230
108	-230
112	-230
116	-230
120	-230
172	-230
176	-230
180	-230
184	-230
236	-230
240	-230
244	-230
248	-230
300	-230
304	-230
308	-230
312	-230
364	-230
368	-230
372	-230
376	-230
428	-230
432	-230
436	-230
440	-230
492	-230
496	-230
500	-230
504	-230
43	-231
45	-231
47	-231
49	-231
51	-231
53	-231
55	-231
57	-231
107	-231
109	-231
111	-231
113	-231
115	-231
117	-231
119	-231
121	-231
171	-231
173	-231
175	-231
177	-231
179	-231
181	-231
183	-231
185	-231
235	-231
237	-231
239	-231
241	-231
243	-231
245	-231
247	-231
249	-231
299	-231
301	-231
303	-231
305	-231
307	-231
309	-231
311	-231
313	-231
363	-231
365	-231
367	-231
369	-231
371	-231
373	-231
375	-231
377	-231
427	-231
429	-231
431	-231
433	-231
435	-231
437	-231
439	-231
441	-231
491	-231
493	-231
495	-231
497	-231
499	-231
501	-231
503	-231
505	-231
42	-232
58	-232
106	-232
122	-232
170	-232
186	-232
234	-232
250	-232
298	-232
314	-232
362	-232
378	-232
426	-232
442	-232
490	-232
506	-232
41	-233
43	-233
57	-233
59	-233
105	-233
107	-233
121	-233
123	-233
169	-233
171	-233
185	-233
187	-233
233	-233
235	-233
249	-233
251	-233
297	-233
299	-233
313	-233
315	-233
361	-233
363	-233
377	-233
379	-233
425	-233
427	-233
441	-233
443	-233
489	-233
491	-233
505	-233
507	-233
40	-234
44	-234
56	-234
60	-234
104	-234
108	-234
120	-234
124	-234
168	-234
172	-234
184	-234
188	-234
232	-234
236	-234
248	-234
252	-234
296	-234
300	-234
312	-234
316	-234
360	-234
364	-234
376	-234
380	-234
424	-234
428	-234
440	-234
444	-234
488	-234
492	-234
504	-234
508	-234
39	-235
41	-235
43	-235
45	-235
55	-235
57	-235
59	-235
61	-235
103	-235
105	-235
107	-235
109	-235
119	-235
121	-235
123	-235
125	-235
167	-235
169	-235
171	-235
173	-235
183	-235
185	-235
187	-235
189	-235
231	-235
233	-235
235	-235
237	-235
247	-235
249	-235
251	-235
253	-235
295	-235
297	-235
299	-235
301	-235
311	-235
313	-235
315	-235
317	-235
359	-235
361	-235
363	-235
365	-235
375	-235
377	-235
379	-235
381	-235
423	-235
425	-235
427	-235
429	-235
439	-235
441	-235
443	-235
445	-235
487	-235
489	-235
491	-235
493	-235
503	-235
505	-235
507	-235
509	-235
38	-236
46	-236
54	-236
62	-236
102	-236
110	-236
118	-236
126	-236
166	-236
174	-236
182	-236
190	-236
230	-236
238	-236
246	-236
254	-236
294	-236
302	-236
310	-236
318	-236
358	-236
366	-236
374	-236
382	-236
422	-236
430	-236
438	-236
446	-236
486	-236
494	-236
502	-236
510	-236
37	-237
39	-237
45	-237
47	-237
53	-237
55	-237
61	-237
63	-237
101	-237
103	-237
109	-237
111	-237
117	-237
119	-237
125	-237
127	-237
165	-237
167	-237
173	-237
175	-237
181	-237
183	-237
189	-237
191	-237
229	-237
231	-237
237	-237
239	-237
245	-237
247	-237
253	-237
255	-237
293	-237
295	-237
301	-237
303	-237
309	-237
311	-237
317	-237
319	-237
357	-237
359	-237
365	-237
367	-237
373	-237
375	-237
381	-237
383	-237
421	-237
423	-237
429	-237
431	-237
437	-237
439	-237
445	-237
447	-237
485	-237
487	-237
493	-237
495	-237
501	-237
503	-237
509	-237
511	-237
36	-238
40	-238
44	-238
48	-238
52	-238
56	-238
60	-238
64	-238
100	-238
104	-238
108	-238
112	-238
116	-238
120	-238
124	-238
128	-238
164	-238
168	-238
172	-238
176	-238
180	-238
184	-238
188	-238
192	-238
228	-238
232	-238
236	-238
240	-238
244	-238
248	-238
252	-238
256	-238
292	-238
296	-238
300	-238
304	-238
308	-238
312	-238
316	-238
320	-238
356	-238
360	-238
364	-238
368	-238
372	-238
376	-238
380	-238
384	-238
420	-238
424	-238
428	-238
432	-238
436	-238
440	-238
444	-238
448	-238
484	-238
488	-238
492	-238
496	-238
500	-238
504	-238
508	-238
512	-238
35	-239
37	-239
39	-239
41	-239
43	-239
45	-239
47	-239
49	-239
51	-239
53	-239
55	-239
57	-239
59	-239
61	-239
63	-239
65	-239
99	-239
101	-239
103	-239
105	-239
107	-239
109	-239
111	-239
113	-239
115	-239
117	-239
119	-239
121	-239
123	-239
125	-239
127	-239
129	-239
163	-239
165	-239
167	-239
169	-239
171	-239
173	-239
175	-239
177	-239
179	-239
181	-239
183	-239
185	-239
187	-239
189	-239
191	-239
193	-239
227	-239
229	-239
231	-239
233	-239
235	-239
237	-239
239	-239
241	-239
243	-239
245	-239
247	-239
249	-239
251	-239
253	-239
255	-239
257	-239
291	-239
293	-239
295	-239
297	-239
299	-239
301	-239
303	-239
305	-239
307	-239
309	-239
311	-239
313	-239
315	-239
317	-239
319	-239
321	-239
355	-239
357	-239
359	-239
361	-239
363	-239
365	-239
367	-239
369	-239
371	-239
373	-239
375	-239
377	-239
379	-239
381	-239
383	-239
385	-239
419	-239
421	-239
423	-239
425	-239
427	-239
429	-239
431	-239
433	-239
435	-239
437	-239
439	-239
441	-239
443	-239
445	-239
447	-239
449	-239
483	-239
485	-239
487	-239
489	-239
491	-239
493	-239
495	-239
497	-239
499	-239
501	-239
503	-239
505	-239
507	-239
509	-239
511	-239
513	-239
34	-240
66	-240
98	-240
130	-240
162	-240
194	-240
226	-240
258	-240
290	-240
322	-240
354	-240
386	-240
418	-240
450	-240
482	-240
514	-240
33	-241
35	-241
65	-241
67	-241
97	-241
99	-241
129	-241
131	-241
161	-241
163	-241
193	-241
195	-241
225	-241
227	-241
257	-241
259	-241
289	-241
291	-241
321	-241
323	-241
353	-241
355	-241
385	-241
387	-241
417	-241
419	-241
449	-241
451	-241
481	-241
483	-241
513	-241
515	-241
32	-242
36	-242
64	-242
68	-242
96	-242
100	-242
128	-242
132	-242
160	-242
164	-242
192	-242
196	-242
224	-242
228	-242
256	-242
260	-242
288	-242
292	-242
320	-242
324	-242
352	-242
356	-242
384	-242
388	-242
416	-242
420	-242
448	-242
452	-242
480	-242
484	-242
512	-242
516	-242
31	-243
33	-243
35	-243
37	-243
63	-243
65	-243
67	-243
69	-243
95	-243
97	-243
99	-243
101	-243
127	-243
129	-243
131	-243
133	-243
159	-243
161	-243
163	-243
165	-243
191	-243
193	-243
195	-243
197	-243
223	-243
225	-243
227	-243
229	-243
255	-243
257	-243
259	-243
261	-243
287	-243
289	-243
291	-243
293	-243
319	-243
321	-243
323	-243
325	-243
351	-243
353	-243
355	-243
357	-243
383	-243
385	-243
387	-243
389	-243
415	-243
417	-243
419	-243
421	-243
447	-243
449	-243
451	-243
453	-243
479	-243
481	-243
483	-243
485	-243
511	-243
513	-243
515	-243
517	-243
30	-244
38	-244
62	-244
70	-244
94	-244
102	-244
126	-244
134	-244
158	-244
166	-244
190	-244
198	-244
222	-244
230	-244
254	-244
262	-244
286	-244
294	-244
318	-244
326	-244
350	-244
358	-244
382	-244
390	-244
414	-244
422	-244
446	-244
454	-244
478	-244
486	-244
510	-244
518	-244
29	-245
31	-245
37	-245
39	-245
61	-245
63	-245
69	-245
71	-245
93	-245
95	-245
101	-245
103	-245
125	-245
127	-245
133	-245
135	-245
157	-245
159	-245
165	-245
167	-245
189	-245
191	-245
197	-245
199	-245
221	-245
223	-245
229	-245
231	-245
253	-245
255	-245
261	-245
263	-245
285	-245
287	-245
293	-245
295	-245
317	-245
319	-245
325	-245
327	-245
349	-245
351	-245
357	-245
359	-245
381	-245
383	-245
389	-245
391	-245
413	-245
415	-245
421	-245
423	-245
445	-245
447	-245
453	-245
455	-245
477	-245
479	-245
485	-245
487	-245
509	-245
511	-245
517	-245
519	-245
28	-246
32	-246
36	-246
40	-246
60	-246
64	-246
68	-246
72	-246
92	-246
96	-246
100	-246
104	-246
124	-246
128	-246
132	-246
136	-246
156	-246
160	-246
164	-246
168	-246
188	-246
192	-246
196	-246
200	-246
220	-246
224	-246
228	-246
232	-246
252	-246
256	-246
260	-246
264	-246
284	-246
288	-246
292	-246
296	-246
316	-246
320	-246
324	-246
328	-246
348	-246
352	-246
356	-246
360	-246
380	-246
384	-246
388	-246
392	-246
412	-246
416	-246
420	-246
424	-246
444	-246
448	-246
452	-246
456	-246
476	-246
480	-246
484	-246
488	-246
508	-246
512	-246
516	-246
520	-246
27	-247
29	-247
31	-247
33	-247
35	-247
37	-247
39	-247
41	-247
59	-247
61	-247
63	-247
65	-247
67	-247
69	-247
71	-247
73	-247
91	-247
93	-247
95	-247
97	-247
99	-247
101	-247
103	-247
105	-247
123	-247
125	-247
127	-247
129	-247
131	-247
133	-247
135	-247
137	-247
155	-247
157	-247
159	-247
161	-247
163	-247
165	-247
167	-247
169	-247
187	-247
189	-247
191	-247
193	-247
195	-247
197	-247
199	-247
201	-247
219	-247
221	-247
223	-247
225	-247
227	-247
229	-247
231	-247
233	-247
251	-247
253	-247
255	-247
257	-247
259	-247
261	-247
263	-247
265	-247
283	-247
285	-247
287	-247
289	-247
291	-247
293	-247
295	-247
297	-247
315	-247
317	-247
319	-247
321	-247
323	-247
325	-247
327	-247
329	-247
347	-247
349	-247
351	-247
353	-247
355	-247
357	-247
359	-247
361	-247
379	-247
381	-247
383	-247
385	-247
387	-247
389	-247
391	-247
393	-247
411	-247
413	-247
415	-247
417	-247
419	-247
421	-247
423	-247
425	-247
443	-247
445	-247
447	-247
449	-247
451	-247
453	-247
455	-247
457	-247
475	-247
477	-247
479	-247
481	-247
483	-247
485	-247
487	-247
489	-247
507	-247
509	-247
511	-247
513	-247
515	-247
517	-247
519	-247
521	-247
26	-248
42	-248
58	-248
74	-248
90	-248
106	-248
122	-248
138	-248
154	-248
170	-248
186	-248
202	-248
218	-248
234	-248
250	-248
266	-248
282	-248
298	-248
314	-248
330	-248
346	-248
362	-248
378	-248
394	-248
410	-248
426	-248
442	-248
458	-248
474	-248
490	-248
506	-248
522	-248
25	-249
27	-249
41	-249
43	-249
57	-249
59	-249
73	-249
75	-249
89	-249
91	-249
105	-249
107	-249
121	-249
123	-249
137	-249
139	-249
153	-249
155	-249
169	-249
171	-249
185	-249
187	-249
201	-249
203	-249
217	-249
219	-249
233	-249
235	-249
249	-249
251	-249
265	-249
267	-249
281	-249
283	-249
297	-249
299	-249
313	-249
315	-249
329	-249
331	-249
345	-249
347	-249
361	-249
363	-249
377	-249
379	-249
393	-249
395	-249
409	-249
411	-249
425	-249
427	-249
441	-249
443	-249
457	-249
459	-249
473	-249
475	-249
489	-249
491	-249
505	-249
507	-249
521	-249
523	-249
24	-250
28	-250
40	-250
44	-250
56	-250
60	-250
72	-250
76	-250
88	-250
92	-250
104	-250
108	-250
120	-250
124	-250
136	-250
140	-250
152	-250
156	-250
168	-250
172	-250
184	-250
188	-250
200	-250
204	-250
216	-250
220	-250
232	-250
236	-250
248	-250
252	-250
264	-250
268	-250
280	-250
284	-250
296	-250
300	-250
312	-250
316	-250
328	-250
332	-250
344	-250
348	-250
360	-250
364	-250
376	-250
380	-250
392	-250
396	-250
408	-250
412	-250
424	-250
428	-250
440	-250
444	-250
456	-250
460	-250
472	-250
476	-250
488	-250
492	-250
504	-250
508	-250
520	-250
524	-250
23	-251
25	-251
27	-251
29	-251
39	-251
41	-251
43	-251
45	-251
55	-251
57	-251
59	-251
61	-251
71	-251
73	-251
75	-251
77	-251
87	-251
89	-251
91	-251
93	-251
103	-251
105	-251
107	-251
109	-251
119	-251
121	-251
123	-251
125	-251
135	-251
137	-251
139	-251
141	-251
151	-251
153	-251
155	-251
157	-251
167	-251
169	-251
171	-251
173	-251
183	-251
185	-251
187	-251
189	-251
199	-251
201	-251
203	-251
205	-251
215	-251
217	-251
219	-251
221	-251
231	-251
233	-251
235	-251
237	-251
247	-251
249	-251
251	-251
253	-251
263	-251
265	-251
267	-251
269	-251
279	-251
281	-251
283	-251
285	-251
295	-251
297	-251
299	-251
301	-251
311	-251
313	-251
315	-251
317	-251
327	-251
329	-251
331	-251
333	-251
343	-251
345	-251
347	-251
349	-251
359	-251
361	-251
363	-251
365	-251
375	-251
377	-251
379	-251
381	-251
391	-251
393	-251
395	-251
397	-251
407	-251
409	-251
411	-251
413	-251
423	-251
425	-251
427	-251
429	-251
439	-251
441	-251
443	-251
445	-251
455	-251
457	-251
459	-251
461	-251
471	-251
473	-251
475	-251
477	-251
487	-251
489	-251
491	-251
493	-251
503	-251
505	-251
507	-251
509	-251
519	-251
521	-251
523	-251
525	-251
22	-252
30	-252
38	-252
46	-252
54	-252
62	-252
70	-252
78	-252
86	-252
94	-252
102	-252
110	-252
118	-252
126	-252
134	-252
142	-252
150	-252
158	-252
166	-252
174	-252
182	-252
190	-252
198	-252
206	-252
214	-252
222	-252
230	-252
238	-252
246	-252
254	-252
262	-252
270	-252
278	-252
286	-252
294	-252
302	-252
310	-252
318	-252
326	-252
334	-252
342	-252
350	-252
358	-252
366	-252
374	-252
382	-252
390	-252
398	-252
406	-252
414	-252
422	-252
430	-252
438	-252
446	-252
454	-252
462	-252
470	-252
478	-252
486	-252
494	-252
502	-252
510	-252
518	-252
526	-252
21	-253
23	-253
29	-253
31	-253
37	-253
39	-253
45	-253
47	-253
53	-253
55	-253
61	-253
63	-253
69	-253
71	-253
77	-253
79	-253
85	-253
87	-253
93	-253
95	-253
101	-253
103	-253
109	-253
111	-253
117	-253
119	-253
125	-253
127	-253
133	-253
135	-253
141	-253
143	-253
149	-253
151	-253
157	-253
159	-253
165	-253
167	-253
173	-253
175	-253
181	-253
183	-253
189	-253
191	-253
197	-253
199	-253
205	-253
207	-253
213	-253
215	-253
221	-253
223	-253
229	-253
231	-253
237	-253
239	-253
245	-253
247	-253
253	-253
255	-253
261	-253
263	-253
269	-253
271	-253
277	-253
279	-253
285	-253
287	-253
293	-253
295	-253
301	-253
303	-253
309	-253
311	-253
317	-253
319	-253
325	-253
327	-253
333	-253
335	-253
341	-253
343	-253
349	-253
351	-253
357	-253
359	-253
365	-253
367	-253
373	-253
375	-253
381	-253
383	-253
389	-253
391	-253
397	-253
399	-253
405	-253
407	-253
413	-253
415	-253
421	-253
423	-253
429	-253
431	-253
437	-253
439	-253
445	-253
447	-253
453	-253
455	-253
461	-253
463	-253
469	-253
471	-253
477	-253
479	-253
485	-253
487	-253
493	-253
495	-253
501	-253
503	-253
509	-253
511	-253
517	-253
519	-253
525	-253
527	-253
20	-254
24	-254
28	-254
32	-254
36	-254
40	-254
44	-254
48	-254
52	-254
56	-254
60	-254
64	-254
68	-254
72	-254
76	-254
80	-254
84	-254
88	-254
92	-254
96	-254
100	-254
104	-254
108	-254
112	-254
116	-254
120	-254
124	-254
128	-254
132	-254
136	-254
140	-254
144	-254
148	-254
152	-254
156	-254
160	-254
164	-254
168	-254
172	-254
176	-254
180	-254
184	-254
188	-254
192	-254
196	-254
200	-254
204	-254
208	-254
212	-254
216	-254
220	-254
224	-254
228	-254
232	-254
236	-254
240	-254
244	-254
248	-254
252	-254
256	-254
260	-254
264	-254
268	-254
272	-254
276	-254
280	-254
284	-254
288	-254
292	-254
296	-254
300	-254
304	-254
308	-254
312	-254
316	-254
320	-254
324	-254
328	-254
332	-254
336	-254
340	-254
344	-254
348	-254
352	-254
356	-254
360	-254
364	-254
368	-254
372	-254
376	-254
380	-254
384	-254
388	-254
392	-254
396	-254
400	-254
404	-254
408	-254
412	-254
416	-254
420	-254
424	-254
428	-254
432	-254
436	-254
440	-254
444	-254
448	-254
452	-254
456	-254
460	-254
464	-254
468	-254
472	-254
476	-254
480	-254
484	-254
488	-254
492	-254
496	-254
500	-254
504	-254
508	-254
512	-254
516	-254
520	-254
524	-254
528	-254
19	-255
21	-255
23	-255
25	-255
27	-255
29	-255
31	-255
33	-255
35	-255
37	-255
39	-255
41	-255
43	-255
45	-255
47	-255
49	-255
51	-255
53	-255
55	-255
57	-255
59	-255
61	-255
63	-255
65	-255
67	-255
69	-255
71	-255
73	-255
75	-255
77	-255
79	-255
81	-255
83	-255
85	-255
87	-255
89	-255
91	-255
93	-255
95	-255
97	-255
99	-255
101	-255
103	-255
105	-255
107	-255
109	-255
111	-255
113	-255
115	-255
117	-255
119	-255
121	-255
123	-255
125	-255
127	-255
129	-255
131	-255
133	-255
135	-255
137	-255
139	-255
141	-255
143	-255
145	-255
147	-255
149	-255
151	-255
153	-255
155	-255
157	-255
159	-255
161	-255
163	-255
165	-255
167	-255
169	-255
171	-255
173	-255
175	-255
177	-255
179	-255
181	-255
183	-255
185	-255
187	-255
189	-255
191	-255
193	-255
195	-255
197	-255
199	-255
201	-255
203	-255
205	-255
207	-255
209	-255
211	-255
213	-255
215	-255
217	-255
219	-255
221	-255
223	-255
225	-255
227	-255
229	-255
231	-255
233	-255
235	-255
237	-255
239	-255
241	-255
243	-255
245	-255
247	-255
249	-255
251	-255
253	-255
255	-255
257	-255
259	-255
261	-255
263	-255
265	-255
267	-255
269	-255
271	-255
273	-255
275	-255
277	-255
279	-255
281	-255
283	-255
285	-255
287	-255
289	-255
291	-255
293	-255
295	-255
297	-255
299	-255
301	-255
303	-255
305	-255
307	-255
309	-255
311	-255
313	-255
315	-255
317	-255
319	-255
321	-255
323	-255
325	-255
327	-255
329	-255
331	-255
333	-255
335	-255
337	-255
339	-255
341	-255
343	-255
345	-255
347	-255
349	-255
351	-255
353	-255
355	-255
357	-255
359	-255
361	-255
363	-255
365	-255
367	-255
369	-255
371	-255
373	-255
375	-255
377	-255
379	-255
381	-255
383	-255
385	-255
387	-255
389	-255
391	-255
393	-255
395	-255
397	-255
399	-255
401	-255
403	-255
405	-255
407	-255
409	-255
411	-255
413	-255
415	-255
417	-255
419	-255
421	-255
423	-255
425	-255
427	-255
429	-255
431	-255
433	-255
435	-255
437	-255
439	-255
441	-255
443	-255
445	-255
447	-255
449	-255
451	-255
453	-255
455	-255
457	-255
459	-255
461	-255
463	-255
465	-255
467	-255
469	-255
471	-255
473	-255
475	-255
477	-255
479	-255
481	-255
483	-255
485	-255
487	-255
489	-255
491	-255
493	-255
495	-255
497	-255
499	-255
501	-255
503	-255
505	-255
507	-255
509	-255
511	-255
513	-255
515	-255
517	-255
519	-255
521	-255
523	-255
525	-255
527	-255
529	-255
