#95 div-> 8
0	0
-1	-1
0	-1
1	-1
-2	-2
-1	-2
0	-2
1	-2
2	-2
-3	-3
-2	-3
-1	-3
0	-3
1	-3
2	-3
3	-3
-4	-4
-3	-4
-2	-4
-1	-4
0	-4
1	-4
2	-4
3	-4
4	-4
-5	-5
-4	-5
-3	-5
-2	-5
-1	-5
0	-5
1	-5
2	-5
3	-5
4	-5
5	-5
-6	-6
-5	-6
-4	-6
-3	-6
-2	-6
-1	-6
0	-6
1	-6
2	-6
3	-6
4	-6
5	-6
6	-6
-7	-7
-6	-7
-5	-7
-4	-7
-3	-7
-2	-7
-1	-7
0	-7
1	-7
2	-7
3	-7
4	-7
5	-7
6	-7
7	-7
-8	-8
-6	-8
-4	-8
-2	-8
0	-8
2	-8
4	-8
6	-8
8	-8
-9	-9
-8	-9
-7	-9
-6	-9
-5	-9
-4	-9
-3	-9
-2	-9
-1	-9
0	-9
1	-9
2	-9
3	-9
4	-9
5	-9
6	-9
7	-9
8	-9
9	-9
-10	-10
-9	-10
-8	-10
-6	-10
-5	-10
-4	-10
-2	-10
-1	-10
0	-10
1	-10
2	-10
4	-10
5	-10
6	-10
8	-10
9	-10
10	-10
-11	-11
-10	-11
-9	-11
-8	-11
-7	-11
-6	-11
-5	-11
-4	-11
-3	-11
-2	-11
-1	-11
0	-11
1	-11
2	-11
3	-11
4	-11
5	-11
6	-11
7	-11
8	-11
9	-11
10	-11
11	-11
-12	-12
-11	-12
-10	-12
-9	-12
-8	-12
-6	-12
-4	-12
-3	-12
-2	-12
-1	-12
0	-12
1	-12
2	-12
3	-12
4	-12
6	-12
8	-12
9	-12
10	-12
11	-12
12	-12
-13	-13
-12	-13
-11	-13
-10	-13
-9	-13
-8	-13
-7	-13
-6	-13
-5	-13
-4	-13
-3	-13
-2	-13
-1	-13
0	-13
1	-13
2	-13
3	-13
4	-13
5	-13
6	-13
7	-13
8	-13
9	-13
10	-13
11	-13
12	-13
13	-13
-14	-14
-13	-14
-12	-14
-11	-14
-10	-14
-9	-14
-8	-14
-6	-14
-5	-14
-4	-14
-3	-14
-2	-14
-1	-14
0	-14
1	-14
2	-14
3	-14
4	-14
5	-14
6	-14
8	-14
9	-14
10	-14
11	-14
12	-14
13	-14
14	-14
-15	-15
-14	-15
-13	-15
-12	-15
-11	-15
-10	-15
-9	-15
-8	-15
-7	-15
-6	-15
-5	-15
-4	-15
-3	-15
-2	-15
-1	-15
0	-15
1	-15
2	-15
3	-15
4	-15
5	-15
6	-15
7	-15
8	-15
9	-15
10	-15
11	-15
12	-15
13	-15
14	-15
15	-15
-16	-16
-12	-16
-8	-16
-4	-16
0	-16
4	-16
8	-16
12	-16
16	-16
-17	-17
-16	-17
-13	-17
-12	-17
-9	-17
-8	-17
-5	-17
-4	-17
-1	-17
0	-17
1	-17
4	-17
5	-17
8	-17
9	-17
12	-17
13	-17
16	-17
17	-17
-18	-18
-17	-18
-16	-18
-14	-18
-12	-18
-10	-18
-9	-18
-8	-18
-6	-18
-4	-18
-2	-18
-1	-18
0	-18
1	-18
2	-18
4	-18
6	-18
8	-18
9	-18
10	-18
12	-18
14	-18
16	-18
17	-18
18	-18
-19	-19
-18	-19
-17	-19
-16	-19
-15	-19
-14	-19
-13	-19
-12	-19
-11	-19
-10	-19
-9	-19
-8	-19
-7	-19
-6	-19
-5	-19
-4	-19
-3	-19
-2	-19
-1	-19
0	-19
1	-19
2	-19
3	-19
4	-19
5	-19
6	-19
7	-19
8	-19
9	-19
10	-19
11	-19
12	-19
13	-19
14	-19
15	-19
16	-19
17	-19
18	-19
19	-19
-20	-20
-19	-20
-18	-20
-17	-20
-16	-20
-12	-20
-10	-20
-8	-20
-4	-20
-3	-20
-2	-20
-1	-20
0	-20
1	-20
2	-20
3	-20
4	-20
8	-20
10	-20
12	-20
16	-20
17	-20
18	-20
19	-20
20	-20
-21	-21
-20	-21
-19	-21
-18	-21
-17	-21
-16	-21
-13	-21
-12	-21
-11	-21
-10	-21
-9	-21
-8	-21
-5	-21
-4	-21
-3	-21
-2	-21
-1	-21
0	-21
1	-21
2	-21
3	-21
4	-21
5	-21
8	-21
9	-21
10	-21
11	-21
12	-21
13	-21
16	-21
17	-21
18	-21
19	-21
20	-21
21	-21
-22	-22
-21	-22
-20	-22
-19	-22
-18	-22
-17	-22
-16	-22
-14	-22
-13	-22
-12	-22
-10	-22
-9	-22
-8	-22
-6	-22
-5	-22
-4	-22
-3	-22
-2	-22
-1	-22
0	-22
1	-22
2	-22
3	-22
4	-22
5	-22
6	-22
8	-22
9	-22
10	-22
12	-22
13	-22
14	-22
16	-22
17	-22
18	-22
19	-22
20	-22
21	-22
22	-22
-23	-23
-22	-23
-21	-23
-20	-23
-19	-23
-18	-23
-17	-23
-16	-23
-15	-23
-14	-23
-13	-23
-12	-23
-11	-23
-10	-23
-9	-23
-8	-23
-7	-23
-6	-23
-5	-23
-4	-23
-3	-23
-2	-23
-1	-23
0	-23
1	-23
2	-23
3	-23
4	-23
5	-23
6	-23
7	-23
8	-23
9	-23
10	-23
11	-23
12	-23
13	-23
14	-23
15	-23
16	-23
17	-23
18	-23
19	-23
20	-23
21	-23
22	-23
23	-23
-24	-24
-22	-24
-20	-24
-18	-24
-16	-24
-12	-24
-8	-24
-6	-24
-4	-24
-2	-24
0	-24
2	-24
4	-24
6	-24
8	-24
12	-24
16	-24
18	-24
20	-24
22	-24
24	-24
-25	-25
-24	-25
-23	-25
-22	-25
-21	-25
-20	-25
-19	-25
-18	-25
-17	-25
-16	-25
-13	-25
-12	-25
-9	-25
-8	-25
-7	-25
-6	-25
-5	-25
-4	-25
-3	-25
-2	-25
-1	-25
0	-25
1	-25
2	-25
3	-25
4	-25
5	-25
6	-25
7	-25
8	-25
9	-25
12	-25
13	-25
16	-25
17	-25
18	-25
19	-25
20	-25
21	-25
22	-25
23	-25
24	-25
25	-25
-26	-26
-25	-26
-24	-26
-22	-26
-21	-26
-20	-26
-18	-26
-17	-26
-16	-26
-14	-26
-12	-26
-10	-26
-9	-26
-8	-26
-6	-26
-5	-26
-4	-26
-2	-26
-1	-26
0	-26
1	-26
2	-26
4	-26
5	-26
6	-26
8	-26
9	-26
10	-26
12	-26
14	-26
16	-26
17	-26
18	-26
20	-26
21	-26
22	-26
24	-26
25	-26
26	-26
-27	-27
-26	-27
-25	-27
-24	-27
-23	-27
-22	-27
-21	-27
-20	-27
-19	-27
-18	-27
-17	-27
-16	-27
-15	-27
-14	-27
-13	-27
-12	-27
-11	-27
-10	-27
-9	-27
-8	-27
-7	-27
-6	-27
-5	-27
-4	-27
-3	-27
-2	-27
-1	-27
0	-27
1	-27
2	-27
3	-27
4	-27
5	-27
6	-27
7	-27
8	-27
9	-27
10	-27
11	-27
12	-27
13	-27
14	-27
15	-27
16	-27
17	-27
18	-27
19	-27
20	-27
21	-27
22	-27
23	-27
24	-27
25	-27
26	-27
27	-27
-28	-28
-27	-28
-26	-28
-25	-28
-24	-28
-22	-28
-20	-28
-19	-28
-18	-28
-17	-28
-16	-28
-12	-28
-11	-28
-10	-28
-9	-28
-8	-28
-6	-28
-4	-28
-3	-28
-2	-28
-1	-28
0	-28
1	-28
2	-28
3	-28
4	-28
6	-28
8	-28
9	-28
10	-28
11	-28
12	-28
16	-28
17	-28
18	-28
19	-28
20	-28
22	-28
24	-28
25	-28
26	-28
27	-28
28	-28
-29	-29
-28	-29
-27	-29
-26	-29
-25	-29
-24	-29
-23	-29
-22	-29
-21	-29
-20	-29
-19	-29
-18	-29
-17	-29
-16	-29
-13	-29
-12	-29
-11	-29
-10	-29
-9	-29
-8	-29
-7	-29
-6	-29
-5	-29
-4	-29
-3	-29
-2	-29
-1	-29
0	-29
1	-29
2	-29
3	-29
4	-29
5	-29
6	-29
7	-29
8	-29
9	-29
10	-29
11	-29
12	-29
13	-29
16	-29
17	-29
18	-29
19	-29
20	-29
21	-29
22	-29
23	-29
24	-29
25	-29
26	-29
27	-29
28	-29
29	-29
-30	-30
-29	-30
-28	-30
-27	-30
-26	-30
-25	-30
-24	-30
-22	-30
-21	-30
-20	-30
-19	-30
-18	-30
-17	-30
-16	-30
-14	-30
-13	-30
-12	-30
-11	-30
-10	-30
-9	-30
-8	-30
-6	-30
-5	-30
-4	-30
-3	-30
-2	-30
-1	-30
0	-30
1	-30
2	-30
3	-30
4	-30
5	-30
6	-30
8	-30
9	-30
10	-30
11	-30
12	-30
13	-30
14	-30
16	-30
17	-30
18	-30
19	-30
20	-30
21	-30
22	-30
24	-30
25	-30
26	-30
27	-30
28	-30
29	-30
30	-30
-31	-31
-30	-31
-29	-31
-28	-31
-27	-31
-26	-31
-25	-31
-24	-31
-23	-31
-22	-31
-21	-31
-20	-31
-19	-31
-18	-31
-17	-31
-16	-31
-15	-31
-14	-31
-13	-31
-12	-31
-11	-31
-10	-31
-9	-31
-8	-31
-7	-31
-6	-31
-5	-31
-4	-31
-3	-31
-2	-31
-1	-31
0	-31
1	-31
2	-31
3	-31
4	-31
5	-31
6	-31
7	-31
8	-31
9	-31
10	-31
11	-31
12	-31
13	-31
14	-31
15	-31
16	-31
17	-31
18	-31
19	-31
20	-31
21	-31
22	-31
23	-31
24	-31
25	-31
26	-31
27	-31
28	-31
29	-31
30	-31
31	-31
-32	-32
-24	-32
-16	-32
-8	-32
0	-32
8	-32
16	-32
24	-32
32	-32
-33	-33
-32	-33
-25	-33
-24	-33
-17	-33
-16	-33
-9	-33
-8	-33
-1	-33
0	-33
1	-33
8	-33
9	-33
16	-33
17	-33
24	-33
25	-33
32	-33
33	-33
-34	-34
-33	-34
-32	-34
-26	-34
-24	-34
-18	-34
-17	-34
-16	-34
-10	-34
-8	-34
-2	-34
-1	-34
0	-34
1	-34
2	-34
8	-34
10	-34
16	-34
17	-34
18	-34
24	-34
26	-34
32	-34
33	-34
34	-34
-35	-35
-34	-35
-33	-35
-32	-35
-27	-35
-26	-35
-25	-35
-24	-35
-19	-35
-18	-35
-17	-35
-16	-35
-11	-35
-10	-35
-9	-35
-8	-35
-3	-35
-2	-35
-1	-35
0	-35
1	-35
2	-35
3	-35
8	-35
9	-35
10	-35
11	-35
16	-35
17	-35
18	-35
19	-35
24	-35
25	-35
26	-35
27	-35
32	-35
33	-35
34	-35
35	-35
-36	-36
-35	-36
-34	-36
-33	-36
-32	-36
-28	-36
-24	-36
-20	-36
-18	-36
-16	-36
-12	-36
-8	-36
-4	-36
-3	-36
-2	-36
-1	-36
0	-36
1	-36
2	-36
3	-36
4	-36
8	-36
12	-36
16	-36
18	-36
20	-36
24	-36
28	-36
32	-36
33	-36
34	-36
35	-36
36	-36
-37	-37
-36	-37
-35	-37
-34	-37
-33	-37
-32	-37
-29	-37
-28	-37
-25	-37
-24	-37
-21	-37
-20	-37
-19	-37
-18	-37
-17	-37
-16	-37
-13	-37
-12	-37
-9	-37
-8	-37
-5	-37
-4	-37
-3	-37
-2	-37
-1	-37
0	-37
1	-37
2	-37
3	-37
4	-37
5	-37
8	-37
9	-37
12	-37
13	-37
16	-37
17	-37
18	-37
19	-37
20	-37
21	-37
24	-37
25	-37
28	-37
29	-37
32	-37
33	-37
34	-37
35	-37
36	-37
37	-37
-38	-38
-37	-38
-36	-38
-35	-38
-34	-38
-33	-38
-32	-38
-30	-38
-28	-38
-26	-38
-24	-38
-22	-38
-21	-38
-20	-38
-18	-38
-17	-38
-16	-38
-14	-38
-12	-38
-10	-38
-8	-38
-6	-38
-5	-38
-4	-38
-3	-38
-2	-38
-1	-38
0	-38
1	-38
2	-38
3	-38
4	-38
5	-38
6	-38
8	-38
10	-38
12	-38
14	-38
16	-38
17	-38
18	-38
20	-38
21	-38
22	-38
24	-38
26	-38
28	-38
30	-38
32	-38
33	-38
34	-38
35	-38
36	-38
37	-38
38	-38
-39	-39
-38	-39
-37	-39
-36	-39
-35	-39
-34	-39
-33	-39
-32	-39
-31	-39
-30	-39
-29	-39
-28	-39
-27	-39
-26	-39
-25	-39
-24	-39
-23	-39
-22	-39
-21	-39
-20	-39
-19	-39
-18	-39
-17	-39
-16	-39
-15	-39
-14	-39
-13	-39
-12	-39
-11	-39
-10	-39
-9	-39
-8	-39
-7	-39
-6	-39
-5	-39
-4	-39
-3	-39
-2	-39
-1	-39
0	-39
1	-39
2	-39
3	-39
4	-39
5	-39
6	-39
7	-39
8	-39
9	-39
10	-39
11	-39
12	-39
13	-39
14	-39
15	-39
16	-39
17	-39
18	-39
19	-39
20	-39
21	-39
22	-39
23	-39
24	-39
25	-39
26	-39
27	-39
28	-39
29	-39
30	-39
31	-39
32	-39
33	-39
34	-39
35	-39
36	-39
37	-39
38	-39
39	-39
-40	-40
-38	-40
-36	-40
-34	-40
-32	-40
-24	-40
-20	-40
-16	-40
-8	-40
-6	-40
-4	-40
-2	-40
0	-40
2	-40
4	-40
6	-40
8	-40
16	-40
20	-40
24	-40
32	-40
34	-40
36	-40
38	-40
40	-40
-41	-41
-40	-41
-39	-41
-38	-41
-37	-41
-36	-41
-35	-41
-34	-41
-33	-41
-32	-41
-25	-41
-24	-41
-21	-41
-20	-41
-17	-41
-16	-41
-9	-41
-8	-41
-7	-41
-6	-41
-5	-41
-4	-41
-3	-41
-2	-41
-1	-41
0	-41
1	-41
2	-41
3	-41
4	-41
5	-41
6	-41
7	-41
8	-41
9	-41
16	-41
17	-41
20	-41
21	-41
24	-41
25	-41
32	-41
33	-41
34	-41
35	-41
36	-41
37	-41
38	-41
39	-41
40	-41
41	-41
-42	-42
-41	-42
-40	-42
-38	-42
-37	-42
-36	-42
-34	-42
-33	-42
-32	-42
-26	-42
-25	-42
-24	-42
-22	-42
-20	-42
-18	-42
-17	-42
-16	-42
-10	-42
-9	-42
-8	-42
-6	-42
-5	-42
-4	-42
-2	-42
-1	-42
0	-42
1	-42
2	-42
4	-42
5	-42
6	-42
8	-42
9	-42
10	-42
16	-42
17	-42
18	-42
20	-42
22	-42
24	-42
25	-42
26	-42
32	-42
33	-42
34	-42
36	-42
37	-42
38	-42
40	-42
41	-42
42	-42
-43	-43
-42	-43
-41	-43
-40	-43
-39	-43
-38	-43
-37	-43
-36	-43
-35	-43
-34	-43
-33	-43
-32	-43
-27	-43
-26	-43
-25	-43
-24	-43
-23	-43
-22	-43
-21	-43
-20	-43
-19	-43
-18	-43
-17	-43
-16	-43
-11	-43
-10	-43
-9	-43
-8	-43
-7	-43
-6	-43
-5	-43
-4	-43
-3	-43
-2	-43
-1	-43
0	-43
1	-43
2	-43
3	-43
4	-43
5	-43
6	-43
7	-43
8	-43
9	-43
10	-43
11	-43
16	-43
17	-43
18	-43
19	-43
20	-43
21	-43
22	-43
23	-43
24	-43
25	-43
26	-43
27	-43
32	-43
33	-43
34	-43
35	-43
36	-43
37	-43
38	-43
39	-43
40	-43
41	-43
42	-43
43	-43
-44	-44
-43	-44
-42	-44
-41	-44
-40	-44
-38	-44
-36	-44
-35	-44
-34	-44
-33	-44
-32	-44
-28	-44
-26	-44
-24	-44
-20	-44
-18	-44
-16	-44
-12	-44
-11	-44
-10	-44
-9	-44
-8	-44
-6	-44
-4	-44
-3	-44
-2	-44
-1	-44
0	-44
1	-44
2	-44
3	-44
4	-44
6	-44
8	-44
9	-44
10	-44
11	-44
12	-44
16	-44
18	-44
20	-44
24	-44
26	-44
28	-44
32	-44
33	-44
34	-44
35	-44
36	-44
38	-44
40	-44
41	-44
42	-44
43	-44
44	-44
-45	-45
-44	-45
-43	-45
-42	-45
-41	-45
-40	-45
-39	-45
-38	-45
-37	-45
-36	-45
-35	-45
-34	-45
-33	-45
-32	-45
-29	-45
-28	-45
-27	-45
-26	-45
-25	-45
-24	-45
-21	-45
-20	-45
-19	-45
-18	-45
-17	-45
-16	-45
-13	-45
-12	-45
-11	-45
-10	-45
-9	-45
-8	-45
-7	-45
-6	-45
-5	-45
-4	-45
-3	-45
-2	-45
-1	-45
0	-45
1	-45
2	-45
3	-45
4	-45
5	-45
6	-45
7	-45
8	-45
9	-45
10	-45
11	-45
12	-45
13	-45
16	-45
17	-45
18	-45
19	-45
20	-45
21	-45
24	-45
25	-45
26	-45
27	-45
28	-45
29	-45
32	-45
33	-45
34	-45
35	-45
36	-45
37	-45
38	-45
39	-45
40	-45
41	-45
42	-45
43	-45
44	-45
45	-45
-46	-46
-45	-46
-44	-46
-43	-46
-42	-46
-41	-46
-40	-46
-38	-46
-37	-46
-36	-46
-35	-46
-34	-46
-33	-46
-32	-46
-30	-46
-29	-46
-28	-46
-26	-46
-25	-46
-24	-46
-22	-46
-21	-46
-20	-46
-18	-46
-17	-46
-16	-46
-14	-46
-13	-46
-12	-46
-11	-46
-10	-46
-9	-46
-8	-46
-6	-46
-5	-46
-4	-46
-3	-46
-2	-46
-1	-46
0	-46
1	-46
2	-46
3	-46
4	-46
5	-46
6	-46
8	-46
9	-46
10	-46
11	-46
12	-46
13	-46
14	-46
16	-46
17	-46
18	-46
20	-46
21	-46
22	-46
24	-46
25	-46
26	-46
28	-46
29	-46
30	-46
32	-46
33	-46
34	-46
35	-46
36	-46
37	-46
38	-46
40	-46
41	-46
42	-46
43	-46
44	-46
45	-46
46	-46
-47	-47
-46	-47
-45	-47
-44	-47
-43	-47
-42	-47
-41	-47
-40	-47
-39	-47
-38	-47
-37	-47
-36	-47
-35	-47
-34	-47
-33	-47
-32	-47
-31	-47
-30	-47
-29	-47
-28	-47
-27	-47
-26	-47
-25	-47
-24	-47
-23	-47
-22	-47
-21	-47
-20	-47
-19	-47
-18	-47
-17	-47
-16	-47
-15	-47
-14	-47
-13	-47
-12	-47
-11	-47
-10	-47
-9	-47
-8	-47
-7	-47
-6	-47
-5	-47
-4	-47
-3	-47
-2	-47
-1	-47
0	-47
1	-47
2	-47
3	-47
4	-47
5	-47
6	-47
7	-47
8	-47
9	-47
10	-47
11	-47
12	-47
13	-47
14	-47
15	-47
16	-47
17	-47
18	-47
19	-47
20	-47
21	-47
22	-47
23	-47
24	-47
25	-47
26	-47
27	-47
28	-47
29	-47
30	-47
31	-47
32	-47
33	-47
34	-47
35	-47
36	-47
37	-47
38	-47
39	-47
40	-47
41	-47
42	-47
43	-47
44	-47
45	-47
46	-47
47	-47
-48	-48
-44	-48
-40	-48
-36	-48
-32	-48
-24	-48
-16	-48
-12	-48
-8	-48
-4	-48
0	-48
4	-48
8	-48
12	-48
16	-48
24	-48
32	-48
36	-48
40	-48
44	-48
48	-48
-49	-49
-48	-49
-45	-49
-44	-49
-41	-49
-40	-49
-37	-49
-36	-49
-33	-49
-32	-49
-25	-49
-24	-49
-17	-49
-16	-49
-13	-49
-12	-49
-9	-49
-8	-49
-5	-49
-4	-49
-1	-49
0	-49
1	-49
4	-49
5	-49
8	-49
9	-49
12	-49
13	-49
16	-49
17	-49
24	-49
25	-49
32	-49
33	-49
36	-49
37	-49
40	-49
41	-49
44	-49
45	-49
48	-49
49	-49
-50	-50
-49	-50
-48	-50
-46	-50
-44	-50
-42	-50
-41	-50
-40	-50
-38	-50
-36	-50
-34	-50
-33	-50
-32	-50
-26	-50
-24	-50
-18	-50
-17	-50
-16	-50
-14	-50
-12	-50
-10	-50
-9	-50
-8	-50
-6	-50
-4	-50
-2	-50
-1	-50
0	-50
1	-50
2	-50
4	-50
6	-50
8	-50
9	-50
10	-50
12	-50
14	-50
16	-50
17	-50
18	-50
24	-50
26	-50
32	-50
33	-50
34	-50
36	-50
38	-50
40	-50
41	-50
42	-50
44	-50
46	-50
48	-50
49	-50
50	-50
-51	-51
-50	-51
-49	-51
-48	-51
-47	-51
-46	-51
-45	-51
-44	-51
-43	-51
-42	-51
-41	-51
-40	-51
-39	-51
-38	-51
-37	-51
-36	-51
-35	-51
-34	-51
-33	-51
-32	-51
-27	-51
-26	-51
-25	-51
-24	-51
-19	-51
-18	-51
-17	-51
-16	-51
-15	-51
-14	-51
-13	-51
-12	-51
-11	-51
-10	-51
-9	-51
-8	-51
-7	-51
-6	-51
-5	-51
-4	-51
-3	-51
-2	-51
-1	-51
0	-51
1	-51
2	-51
3	-51
4	-51
5	-51
6	-51
7	-51
8	-51
9	-51
10	-51
11	-51
12	-51
13	-51
14	-51
15	-51
16	-51
17	-51
18	-51
19	-51
24	-51
25	-51
26	-51
27	-51
32	-51
33	-51
34	-51
35	-51
36	-51
37	-51
38	-51
39	-51
40	-51
41	-51
42	-51
43	-51
44	-51
45	-51
46	-51
47	-51
48	-51
49	-51
50	-51
51	-51
-52	-52
-51	-52
-50	-52
-49	-52
-48	-52
-44	-52
-42	-52
-40	-52
-36	-52
-35	-52
-34	-52
-33	-52
-32	-52
-28	-52
-24	-52
-20	-52
-19	-52
-18	-52
-17	-52
-16	-52
-12	-52
-10	-52
-8	-52
-4	-52
-3	-52
-2	-52
-1	-52
0	-52
1	-52
2	-52
3	-52
4	-52
8	-52
10	-52
12	-52
16	-52
17	-52
18	-52
19	-52
20	-52
24	-52
28	-52
32	-52
33	-52
34	-52
35	-52
36	-52
40	-52
42	-52
44	-52
48	-52
49	-52
50	-52
51	-52
52	-52
-53	-53
-52	-53
-51	-53
-50	-53
-49	-53
-48	-53
-45	-53
-44	-53
-43	-53
-42	-53
-41	-53
-40	-53
-37	-53
-36	-53
-35	-53
-34	-53
-33	-53
-32	-53
-29	-53
-28	-53
-25	-53
-24	-53
-21	-53
-20	-53
-19	-53
-18	-53
-17	-53
-16	-53
-13	-53
-12	-53
-11	-53
-10	-53
-9	-53
-8	-53
-5	-53
-4	-53
-3	-53
-2	-53
-1	-53
0	-53
1	-53
2	-53
3	-53
4	-53
5	-53
8	-53
9	-53
10	-53
11	-53
12	-53
13	-53
16	-53
17	-53
18	-53
19	-53
20	-53
21	-53
24	-53
25	-53
28	-53
29	-53
32	-53
33	-53
34	-53
35	-53
36	-53
37	-53
40	-53
41	-53
42	-53
43	-53
44	-53
45	-53
48	-53
49	-53
50	-53
51	-53
52	-53
53	-53
-54	-54
-53	-54
-52	-54
-51	-54
-50	-54
-49	-54
-48	-54
-46	-54
-45	-54
-44	-54
-42	-54
-41	-54
-40	-54
-38	-54
-37	-54
-36	-54
-35	-54
-34	-54
-33	-54
-32	-54
-30	-54
-28	-54
-26	-54
-24	-54
-22	-54
-21	-54
-20	-54
-19	-54
-18	-54
-17	-54
-16	-54
-14	-54
-13	-54
-12	-54
-10	-54
-9	-54
-8	-54
-6	-54
-5	-54
-4	-54
-3	-54
-2	-54
-1	-54
0	-54
1	-54
2	-54
3	-54
4	-54
5	-54
6	-54
8	-54
9	-54
10	-54
12	-54
13	-54
14	-54
16	-54
17	-54
18	-54
19	-54
20	-54
21	-54
22	-54
24	-54
26	-54
28	-54
30	-54
32	-54
33	-54
34	-54
35	-54
36	-54
37	-54
38	-54
40	-54
41	-54
42	-54
44	-54
45	-54
46	-54
48	-54
49	-54
50	-54
51	-54
52	-54
53	-54
54	-54
-55	-55
-54	-55
-53	-55
-52	-55
-51	-55
-50	-55
-49	-55
-48	-55
-47	-55
-46	-55
-45	-55
-44	-55
-43	-55
-42	-55
-41	-55
-40	-55
-39	-55
-38	-55
-37	-55
-36	-55
-35	-55
-34	-55
-33	-55
-32	-55
-31	-55
-30	-55
-29	-55
-28	-55
-27	-55
-26	-55
-25	-55
-24	-55
-23	-55
-22	-55
-21	-55
-20	-55
-19	-55
-18	-55
-17	-55
-16	-55
-15	-55
-14	-55
-13	-55
-12	-55
-11	-55
-10	-55
-9	-55
-8	-55
-7	-55
-6	-55
-5	-55
-4	-55
-3	-55
-2	-55
-1	-55
0	-55
1	-55
2	-55
3	-55
4	-55
5	-55
6	-55
7	-55
8	-55
9	-55
10	-55
11	-55
12	-55
13	-55
14	-55
15	-55
16	-55
17	-55
18	-55
19	-55
20	-55
21	-55
22	-55
23	-55
24	-55
25	-55
26	-55
27	-55
28	-55
29	-55
30	-55
31	-55
32	-55
33	-55
34	-55
35	-55
36	-55
37	-55
38	-55
39	-55
40	-55
41	-55
42	-55
43	-55
44	-55
45	-55
46	-55
47	-55
48	-55
49	-55
50	-55
51	-55
52	-55
53	-55
54	-55
55	-55
-56	-56
-54	-56
-52	-56
-50	-56
-48	-56
-44	-56
-40	-56
-38	-56
-36	-56
-34	-56
-32	-56
-24	-56
-22	-56
-20	-56
-18	-56
-16	-56
-12	-56
-8	-56
-6	-56
-4	-56
-2	-56
0	-56
2	-56
4	-56
6	-56
8	-56
12	-56
16	-56
18	-56
20	-56
22	-56
24	-56
32	-56
34	-56
36	-56
38	-56
40	-56
44	-56
48	-56
50	-56
52	-56
54	-56
56	-56
-57	-57
-56	-57
-55	-57
-54	-57
-53	-57
-52	-57
-51	-57
-50	-57
-49	-57
-48	-57
-45	-57
-44	-57
-41	-57
-40	-57
-39	-57
-38	-57
-37	-57
-36	-57
-35	-57
-34	-57
-33	-57
-32	-57
-25	-57
-24	-57
-23	-57
-22	-57
-21	-57
-20	-57
-19	-57
-18	-57
-17	-57
-16	-57
-13	-57
-12	-57
-9	-57
-8	-57
-7	-57
-6	-57
-5	-57
-4	-57
-3	-57
-2	-57
-1	-57
0	-57
1	-57
2	-57
3	-57
4	-57
5	-57
6	-57
7	-57
8	-57
9	-57
12	-57
13	-57
16	-57
17	-57
18	-57
19	-57
20	-57
21	-57
22	-57
23	-57
24	-57
25	-57
32	-57
33	-57
34	-57
35	-57
36	-57
37	-57
38	-57
39	-57
40	-57
41	-57
44	-57
45	-57
48	-57
49	-57
50	-57
51	-57
52	-57
53	-57
54	-57
55	-57
56	-57
57	-57
-58	-58
-57	-58
-56	-58
-54	-58
-53	-58
-52	-58
-50	-58
-49	-58
-48	-58
-46	-58
-44	-58
-42	-58
-41	-58
-40	-58
-38	-58
-37	-58
-36	-58
-34	-58
-33	-58
-32	-58
-26	-58
-25	-58
-24	-58
-22	-58
-21	-58
-20	-58
-18	-58
-17	-58
-16	-58
-14	-58
-12	-58
-10	-58
-9	-58
-8	-58
-6	-58
-5	-58
-4	-58
-2	-58
-1	-58
0	-58
1	-58
2	-58
4	-58
5	-58
6	-58
8	-58
9	-58
10	-58
12	-58
14	-58
16	-58
17	-58
18	-58
20	-58
21	-58
22	-58
24	-58
25	-58
26	-58
32	-58
33	-58
34	-58
36	-58
37	-58
38	-58
40	-58
41	-58
42	-58
44	-58
46	-58
48	-58
49	-58
50	-58
52	-58
53	-58
54	-58
56	-58
57	-58
58	-58
-59	-59
-58	-59
-57	-59
-56	-59
-55	-59
-54	-59
-53	-59
-52	-59
-51	-59
-50	-59
-49	-59
-48	-59
-47	-59
-46	-59
-45	-59
-44	-59
-43	-59
-42	-59
-41	-59
-40	-59
-39	-59
-38	-59
-37	-59
-36	-59
-35	-59
-34	-59
-33	-59
-32	-59
-27	-59
-26	-59
-25	-59
-24	-59
-23	-59
-22	-59
-21	-59
-20	-59
-19	-59
-18	-59
-17	-59
-16	-59
-15	-59
-14	-59
-13	-59
-12	-59
-11	-59
-10	-59
-9	-59
-8	-59
-7	-59
-6	-59
-5	-59
-4	-59
-3	-59
-2	-59
-1	-59
0	-59
1	-59
2	-59
3	-59
4	-59
5	-59
6	-59
7	-59
8	-59
9	-59
10	-59
11	-59
12	-59
13	-59
14	-59
15	-59
16	-59
17	-59
18	-59
19	-59
20	-59
21	-59
22	-59
23	-59
24	-59
25	-59
26	-59
27	-59
32	-59
33	-59
34	-59
35	-59
36	-59
37	-59
38	-59
39	-59
40	-59
41	-59
42	-59
43	-59
44	-59
45	-59
46	-59
47	-59
48	-59
49	-59
50	-59
51	-59
52	-59
53	-59
54	-59
55	-59
56	-59
57	-59
58	-59
59	-59
-60	-60
-59	-60
-58	-60
-57	-60
-56	-60
-54	-60
-52	-60
-51	-60
-50	-60
-49	-60
-48	-60
-44	-60
-43	-60
-42	-60
-41	-60
-40	-60
-38	-60
-36	-60
-35	-60
-34	-60
-33	-60
-32	-60
-28	-60
-27	-60
-26	-60
-25	-60
-24	-60
-22	-60
-20	-60
-19	-60
-18	-60
-17	-60
-16	-60
-12	-60
-11	-60
-10	-60
-9	-60
-8	-60
-6	-60
-4	-60
-3	-60
-2	-60
-1	-60
0	-60
1	-60
2	-60
3	-60
4	-60
6	-60
8	-60
9	-60
10	-60
11	-60
12	-60
16	-60
17	-60
18	-60
19	-60
20	-60
22	-60
24	-60
25	-60
26	-60
27	-60
28	-60
32	-60
33	-60
34	-60
35	-60
36	-60
38	-60
40	-60
41	-60
42	-60
43	-60
44	-60
48	-60
49	-60
50	-60
51	-60
52	-60
54	-60
56	-60
57	-60
58	-60
59	-60
60	-60
-61	-61
-60	-61
-59	-61
-58	-61
-57	-61
-56	-61
-55	-61
-54	-61
-53	-61
-52	-61
-51	-61
-50	-61
-49	-61
-48	-61
-45	-61
-44	-61
-43	-61
-42	-61
-41	-61
-40	-61
-39	-61
-38	-61
-37	-61
-36	-61
-35	-61
-34	-61
-33	-61
-32	-61
-29	-61
-28	-61
-27	-61
-26	-61
-25	-61
-24	-61
-23	-61
-22	-61
-21	-61
-20	-61
-19	-61
-18	-61
-17	-61
-16	-61
-13	-61
-12	-61
-11	-61
-10	-61
-9	-61
-8	-61
-7	-61
-6	-61
-5	-61
-4	-61
-3	-61
-2	-61
-1	-61
0	-61
1	-61
2	-61
3	-61
4	-61
5	-61
6	-61
7	-61
8	-61
9	-61
10	-61
11	-61
12	-61
13	-61
16	-61
17	-61
18	-61
19	-61
20	-61
21	-61
22	-61
23	-61
24	-61
25	-61
26	-61
27	-61
28	-61
29	-61
32	-61
33	-61
34	-61
35	-61
36	-61
37	-61
38	-61
39	-61
40	-61
41	-61
42	-61
43	-61
44	-61
45	-61
48	-61
49	-61
50	-61
51	-61
52	-61
53	-61
54	-61
55	-61
56	-61
57	-61
58	-61
59	-61
60	-61
61	-61
-62	-62
-61	-62
-60	-62
-59	-62
-58	-62
-57	-62
-56	-62
-54	-62
-53	-62
-52	-62
-51	-62
-50	-62
-49	-62
-48	-62
-46	-62
-45	-62
-44	-62
-43	-62
-42	-62
-41	-62
-40	-62
-38	-62
-37	-62
-36	-62
-35	-62
-34	-62
-33	-62
-32	-62
-30	-62
-29	-62
-28	-62
-27	-62
-26	-62
-25	-62
-24	-62
-22	-62
-21	-62
-20	-62
-19	-62
-18	-62
-17	-62
-16	-62
-14	-62
-13	-62
-12	-62
-11	-62
-10	-62
-9	-62
-8	-62
-6	-62
-5	-62
-4	-62
-3	-62
-2	-62
-1	-62
0	-62
1	-62
2	-62
3	-62
4	-62
5	-62
6	-62
8	-62
9	-62
10	-62
11	-62
12	-62
13	-62
14	-62
16	-62
17	-62
18	-62
19	-62
20	-62
21	-62
22	-62
24	-62
25	-62
26	-62
27	-62
28	-62
29	-62
30	-62
32	-62
33	-62
34	-62
35	-62
36	-62
37	-62
38	-62
40	-62
41	-62
42	-62
43	-62
44	-62
45	-62
46	-62
48	-62
49	-62
50	-62
51	-62
52	-62
53	-62
54	-62
56	-62
57	-62
58	-62
59	-62
60	-62
61	-62
62	-62
-63	-63
-62	-63
-61	-63
-60	-63
-59	-63
-58	-63
-57	-63
-56	-63
-55	-63
-54	-63
-53	-63
-52	-63
-51	-63
-50	-63
-49	-63
-48	-63
-47	-63
-46	-63
-45	-63
-44	-63
-43	-63
-42	-63
-41	-63
-40	-63
-39	-63
-38	-63
-37	-63
-36	-63
-35	-63
-34	-63
-33	-63
-32	-63
-31	-63
-30	-63
-29	-63
-28	-63
-27	-63
-26	-63
-25	-63
-24	-63
-23	-63
-22	-63
-21	-63
-20	-63
-19	-63
-18	-63
-17	-63
-16	-63
-15	-63
-14	-63
-13	-63
-12	-63
-11	-63
-10	-63
-9	-63
-8	-63
-7	-63
-6	-63
-5	-63
-4	-63
-3	-63
-2	-63
-1	-63
0	-63
1	-63
2	-63
3	-63
4	-63
5	-63
6	-63
7	-63
8	-63
9	-63
10	-63
11	-63
12	-63
13	-63
14	-63
15	-63
16	-63
17	-63
18	-63
19	-63
20	-63
21	-63
22	-63
23	-63
24	-63
25	-63
26	-63
27	-63
28	-63
29	-63
30	-63
31	-63
32	-63
33	-63
34	-63
35	-63
36	-63
37	-63
38	-63
39	-63
40	-63
41	-63
42	-63
43	-63
44	-63
45	-63
46	-63
47	-63
48	-63
49	-63
50	-63
51	-63
52	-63
53	-63
54	-63
55	-63
56	-63
57	-63
58	-63
59	-63
60	-63
61	-63
62	-63
63	-63
-64	-64
-48	-64
-32	-64
-16	-64
0	-64
16	-64
32	-64
48	-64
64	-64
-65	-65
-64	-65
-49	-65
-48	-65
-33	-65
-32	-65
-17	-65
-16	-65
-1	-65
0	-65
1	-65
16	-65
17	-65
32	-65
33	-65
48	-65
49	-65
64	-65
65	-65
-66	-66
-65	-66
-64	-66
-50	-66
-48	-66
-34	-66
-33	-66
-32	-66
-18	-66
-16	-66
-2	-66
-1	-66
0	-66
1	-66
2	-66
16	-66
18	-66
32	-66
33	-66
34	-66
48	-66
50	-66
64	-66
65	-66
66	-66
-67	-67
-66	-67
-65	-67
-64	-67
-51	-67
-50	-67
-49	-67
-48	-67
-35	-67
-34	-67
-33	-67
-32	-67
-19	-67
-18	-67
-17	-67
-16	-67
-3	-67
-2	-67
-1	-67
0	-67
1	-67
2	-67
3	-67
16	-67
17	-67
18	-67
19	-67
32	-67
33	-67
34	-67
35	-67
48	-67
49	-67
50	-67
51	-67
64	-67
65	-67
66	-67
67	-67
-68	-68
-67	-68
-66	-68
-65	-68
-64	-68
-52	-68
-48	-68
-36	-68
-34	-68
-32	-68
-20	-68
-16	-68
-4	-68
-3	-68
-2	-68
-1	-68
0	-68
1	-68
2	-68
3	-68
4	-68
16	-68
20	-68
32	-68
34	-68
36	-68
48	-68
52	-68
64	-68
65	-68
66	-68
67	-68
68	-68
-69	-69
-68	-69
-67	-69
-66	-69
-65	-69
-64	-69
-53	-69
-52	-69
-49	-69
-48	-69
-37	-69
-36	-69
-35	-69
-34	-69
-33	-69
-32	-69
-21	-69
-20	-69
-17	-69
-16	-69
-5	-69
-4	-69
-3	-69
-2	-69
-1	-69
0	-69
1	-69
2	-69
3	-69
4	-69
5	-69
16	-69
17	-69
20	-69
21	-69
32	-69
33	-69
34	-69
35	-69
36	-69
37	-69
48	-69
49	-69
52	-69
53	-69
64	-69
65	-69
66	-69
67	-69
68	-69
69	-69
-70	-70
-69	-70
-68	-70
-67	-70
-66	-70
-65	-70
-64	-70
-54	-70
-52	-70
-50	-70
-48	-70
-38	-70
-37	-70
-36	-70
-34	-70
-33	-70
-32	-70
-22	-70
-20	-70
-18	-70
-16	-70
-6	-70
-5	-70
-4	-70
-3	-70
-2	-70
-1	-70
0	-70
1	-70
2	-70
3	-70
4	-70
5	-70
6	-70
16	-70
18	-70
20	-70
22	-70
32	-70
33	-70
34	-70
36	-70
37	-70
38	-70
48	-70
50	-70
52	-70
54	-70
64	-70
65	-70
66	-70
67	-70
68	-70
69	-70
70	-70
-71	-71
-70	-71
-69	-71
-68	-71
-67	-71
-66	-71
-65	-71
-64	-71
-55	-71
-54	-71
-53	-71
-52	-71
-51	-71
-50	-71
-49	-71
-48	-71
-39	-71
-38	-71
-37	-71
-36	-71
-35	-71
-34	-71
-33	-71
-32	-71
-23	-71
-22	-71
-21	-71
-20	-71
-19	-71
-18	-71
-17	-71
-16	-71
-7	-71
-6	-71
-5	-71
-4	-71
-3	-71
-2	-71
-1	-71
0	-71
1	-71
2	-71
3	-71
4	-71
5	-71
6	-71
7	-71
16	-71
17	-71
18	-71
19	-71
20	-71
21	-71
22	-71
23	-71
32	-71
33	-71
34	-71
35	-71
36	-71
37	-71
38	-71
39	-71
48	-71
49	-71
50	-71
51	-71
52	-71
53	-71
54	-71
55	-71
64	-71
65	-71
66	-71
67	-71
68	-71
69	-71
70	-71
71	-71
-72	-72
-70	-72
-68	-72
-66	-72
-64	-72
-56	-72
-48	-72
-40	-72
-36	-72
-32	-72
-24	-72
-16	-72
-8	-72
-6	-72
-4	-72
-2	-72
0	-72
2	-72
4	-72
6	-72
8	-72
16	-72
24	-72
32	-72
36	-72
40	-72
48	-72
56	-72
64	-72
66	-72
68	-72
70	-72
72	-72
-73	-73
-72	-73
-71	-73
-70	-73
-69	-73
-68	-73
-67	-73
-66	-73
-65	-73
-64	-73
-57	-73
-56	-73
-49	-73
-48	-73
-41	-73
-40	-73
-37	-73
-36	-73
-33	-73
-32	-73
-25	-73
-24	-73
-17	-73
-16	-73
-9	-73
-8	-73
-7	-73
-6	-73
-5	-73
-4	-73
-3	-73
-2	-73
-1	-73
0	-73
1	-73
2	-73
3	-73
4	-73
5	-73
6	-73
7	-73
8	-73
9	-73
16	-73
17	-73
24	-73
25	-73
32	-73
33	-73
36	-73
37	-73
40	-73
41	-73
48	-73
49	-73
56	-73
57	-73
64	-73
65	-73
66	-73
67	-73
68	-73
69	-73
70	-73
71	-73
72	-73
73	-73
-74	-74
-73	-74
-72	-74
-70	-74
-69	-74
-68	-74
-66	-74
-65	-74
-64	-74
-58	-74
-56	-74
-50	-74
-48	-74
-42	-74
-41	-74
-40	-74
-38	-74
-36	-74
-34	-74
-33	-74
-32	-74
-26	-74
-24	-74
-18	-74
-16	-74
-10	-74
-9	-74
-8	-74
-6	-74
-5	-74
-4	-74
-2	-74
-1	-74
0	-74
1	-74
2	-74
4	-74
5	-74
6	-74
8	-74
9	-74
10	-74
16	-74
18	-74
24	-74
26	-74
32	-74
33	-74
34	-74
36	-74
38	-74
40	-74
41	-74
42	-74
48	-74
50	-74
56	-74
58	-74
64	-74
65	-74
66	-74
68	-74
69	-74
70	-74
72	-74
73	-74
74	-74
-75	-75
-74	-75
-73	-75
-72	-75
-71	-75
-70	-75
-69	-75
-68	-75
-67	-75
-66	-75
-65	-75
-64	-75
-59	-75
-58	-75
-57	-75
-56	-75
-51	-75
-50	-75
-49	-75
-48	-75
-43	-75
-42	-75
-41	-75
-40	-75
-39	-75
-38	-75
-37	-75
-36	-75
-35	-75
-34	-75
-33	-75
-32	-75
-27	-75
-26	-75
-25	-75
-24	-75
-19	-75
-18	-75
-17	-75
-16	-75
-11	-75
-10	-75
-9	-75
-8	-75
-7	-75
-6	-75
-5	-75
-4	-75
-3	-75
-2	-75
-1	-75
0	-75
1	-75
2	-75
3	-75
4	-75
5	-75
6	-75
7	-75
8	-75
9	-75
10	-75
11	-75
16	-75
17	-75
18	-75
19	-75
24	-75
25	-75
26	-75
27	-75
32	-75
33	-75
34	-75
35	-75
36	-75
37	-75
38	-75
39	-75
40	-75
41	-75
42	-75
43	-75
48	-75
49	-75
50	-75
51	-75
56	-75
57	-75
58	-75
59	-75
64	-75
65	-75
66	-75
67	-75
68	-75
69	-75
70	-75
71	-75
72	-75
73	-75
74	-75
75	-75
-76	-76
-75	-76
-74	-76
-73	-76
-72	-76
-70	-76
-68	-76
-67	-76
-66	-76
-65	-76
-64	-76
-60	-76
-56	-76
-52	-76
-48	-76
-44	-76
-42	-76
-40	-76
-36	-76
-34	-76
-32	-76
-28	-76
-24	-76
-20	-76
-16	-76
-12	-76
-11	-76
-10	-76
-9	-76
-8	-76
-6	-76
-4	-76
-3	-76
-2	-76
-1	-76
0	-76
1	-76
2	-76
3	-76
4	-76
6	-76
8	-76
9	-76
10	-76
11	-76
12	-76
16	-76
20	-76
24	-76
28	-76
32	-76
34	-76
36	-76
40	-76
42	-76
44	-76
48	-76
52	-76
56	-76
60	-76
64	-76
65	-76
66	-76
67	-76
68	-76
70	-76
72	-76
73	-76
74	-76
75	-76
76	-76
-77	-77
-76	-77
-75	-77
-74	-77
-73	-77
-72	-77
-71	-77
-70	-77
-69	-77
-68	-77
-67	-77
-66	-77
-65	-77
-64	-77
-61	-77
-60	-77
-57	-77
-56	-77
-53	-77
-52	-77
-49	-77
-48	-77
-45	-77
-44	-77
-43	-77
-42	-77
-41	-77
-40	-77
-37	-77
-36	-77
-35	-77
-34	-77
-33	-77
-32	-77
-29	-77
-28	-77
-25	-77
-24	-77
-21	-77
-20	-77
-17	-77
-16	-77
-13	-77
-12	-77
-11	-77
-10	-77
-9	-77
-8	-77
-7	-77
-6	-77
-5	-77
-4	-77
-3	-77
-2	-77
-1	-77
0	-77
1	-77
2	-77
3	-77
4	-77
5	-77
6	-77
7	-77
8	-77
9	-77
10	-77
11	-77
12	-77
13	-77
16	-77
17	-77
20	-77
21	-77
24	-77
25	-77
28	-77
29	-77
32	-77
33	-77
34	-77
35	-77
36	-77
37	-77
40	-77
41	-77
42	-77
43	-77
44	-77
45	-77
48	-77
49	-77
52	-77
53	-77
56	-77
57	-77
60	-77
61	-77
64	-77
65	-77
66	-77
67	-77
68	-77
69	-77
70	-77
71	-77
72	-77
73	-77
74	-77
75	-77
76	-77
77	-77
-78	-78
-77	-78
-76	-78
-75	-78
-74	-78
-73	-78
-72	-78
-70	-78
-69	-78
-68	-78
-67	-78
-66	-78
-65	-78
-64	-78
-62	-78
-60	-78
-58	-78
-56	-78
-54	-78
-52	-78
-50	-78
-48	-78
-46	-78
-45	-78
-44	-78
-42	-78
-41	-78
-40	-78
-38	-78
-37	-78
-36	-78
-34	-78
-33	-78
-32	-78
-30	-78
-28	-78
-26	-78
-24	-78
-22	-78
-20	-78
-18	-78
-16	-78
-14	-78
-13	-78
-12	-78
-11	-78
-10	-78
-9	-78
-8	-78
-6	-78
-5	-78
-4	-78
-3	-78
-2	-78
-1	-78
0	-78
1	-78
2	-78
3	-78
4	-78
5	-78
6	-78
8	-78
9	-78
10	-78
11	-78
12	-78
13	-78
14	-78
16	-78
18	-78
20	-78
22	-78
24	-78
26	-78
28	-78
30	-78
32	-78
33	-78
34	-78
36	-78
37	-78
38	-78
40	-78
41	-78
42	-78
44	-78
45	-78
46	-78
48	-78
50	-78
52	-78
54	-78
56	-78
58	-78
60	-78
62	-78
64	-78
65	-78
66	-78
67	-78
68	-78
69	-78
70	-78
72	-78
73	-78
74	-78
75	-78
76	-78
77	-78
78	-78
-79	-79
-78	-79
-77	-79
-76	-79
-75	-79
-74	-79
-73	-79
-72	-79
-71	-79
-70	-79
-69	-79
-68	-79
-67	-79
-66	-79
-65	-79
-64	-79
-63	-79
-62	-79
-61	-79
-60	-79
-59	-79
-58	-79
-57	-79
-56	-79
-55	-79
-54	-79
-53	-79
-52	-79
-51	-79
-50	-79
-49	-79
-48	-79
-47	-79
-46	-79
-45	-79
-44	-79
-43	-79
-42	-79
-41	-79
-40	-79
-39	-79
-38	-79
-37	-79
-36	-79
-35	-79
-34	-79
-33	-79
-32	-79
-31	-79
-30	-79
-29	-79
-28	-79
-27	-79
-26	-79
-25	-79
-24	-79
-23	-79
-22	-79
-21	-79
-20	-79
-19	-79
-18	-79
-17	-79
-16	-79
-15	-79
-14	-79
-13	-79
-12	-79
-11	-79
-10	-79
-9	-79
-8	-79
-7	-79
-6	-79
-5	-79
-4	-79
-3	-79
-2	-79
-1	-79
0	-79
1	-79
2	-79
3	-79
4	-79
5	-79
6	-79
7	-79
8	-79
9	-79
10	-79
11	-79
12	-79
13	-79
14	-79
15	-79
16	-79
17	-79
18	-79
19	-79
20	-79
21	-79
22	-79
23	-79
24	-79
25	-79
26	-79
27	-79
28	-79
29	-79
30	-79
31	-79
32	-79
33	-79
34	-79
35	-79
36	-79
37	-79
38	-79
39	-79
40	-79
41	-79
42	-79
43	-79
44	-79
45	-79
46	-79
47	-79
48	-79
49	-79
50	-79
51	-79
52	-79
53	-79
54	-79
55	-79
56	-79
57	-79
58	-79
59	-79
60	-79
61	-79
62	-79
63	-79
64	-79
65	-79
66	-79
67	-79
68	-79
69	-79
70	-79
71	-79
72	-79
73	-79
74	-79
75	-79
76	-79
77	-79
78	-79
79	-79
-80	-80
-76	-80
-72	-80
-68	-80
-64	-80
-48	-80
-40	-80
-32	-80
-16	-80
-12	-80
-8	-80
-4	-80
0	-80
4	-80
8	-80
12	-80
16	-80
32	-80
40	-80
48	-80
64	-80
68	-80
72	-80
76	-80
80	-80
-81	-81
-80	-81
-77	-81
-76	-81
-73	-81
-72	-81
-69	-81
-68	-81
-65	-81
-64	-81
-49	-81
-48	-81
-41	-81
-40	-81
-33	-81
-32	-81
-17	-81
-16	-81
-13	-81
-12	-81
-9	-81
-8	-81
-5	-81
-4	-81
-1	-81
0	-81
1	-81
4	-81
5	-81
8	-81
9	-81
12	-81
13	-81
16	-81
17	-81
32	-81
33	-81
40	-81
41	-81
48	-81
49	-81
64	-81
65	-81
68	-81
69	-81
72	-81
73	-81
76	-81
77	-81
80	-81
81	-81
-82	-82
-81	-82
-80	-82
-78	-82
-76	-82
-74	-82
-73	-82
-72	-82
-70	-82
-68	-82
-66	-82
-65	-82
-64	-82
-50	-82
-49	-82
-48	-82
-42	-82
-40	-82
-34	-82
-33	-82
-32	-82
-18	-82
-17	-82
-16	-82
-14	-82
-12	-82
-10	-82
-9	-82
-8	-82
-6	-82
-4	-82
-2	-82
-1	-82
0	-82
1	-82
2	-82
4	-82
6	-82
8	-82
9	-82
10	-82
12	-82
14	-82
16	-82
17	-82
18	-82
32	-82
33	-82
34	-82
40	-82
42	-82
48	-82
49	-82
50	-82
64	-82
65	-82
66	-82
68	-82
70	-82
72	-82
73	-82
74	-82
76	-82
78	-82
80	-82
81	-82
82	-82
-83	-83
-82	-83
-81	-83
-80	-83
-79	-83
-78	-83
-77	-83
-76	-83
-75	-83
-74	-83
-73	-83
-72	-83
-71	-83
-70	-83
-69	-83
-68	-83
-67	-83
-66	-83
-65	-83
-64	-83
-51	-83
-50	-83
-49	-83
-48	-83
-43	-83
-42	-83
-41	-83
-40	-83
-35	-83
-34	-83
-33	-83
-32	-83
-19	-83
-18	-83
-17	-83
-16	-83
-15	-83
-14	-83
-13	-83
-12	-83
-11	-83
-10	-83
-9	-83
-8	-83
-7	-83
-6	-83
-5	-83
-4	-83
-3	-83
-2	-83
-1	-83
0	-83
1	-83
2	-83
3	-83
4	-83
5	-83
6	-83
7	-83
8	-83
9	-83
10	-83
11	-83
12	-83
13	-83
14	-83
15	-83
16	-83
17	-83
18	-83
19	-83
32	-83
33	-83
34	-83
35	-83
40	-83
41	-83
42	-83
43	-83
48	-83
49	-83
50	-83
51	-83
64	-83
65	-83
66	-83
67	-83
68	-83
69	-83
70	-83
71	-83
72	-83
73	-83
74	-83
75	-83
76	-83
77	-83
78	-83
79	-83
80	-83
81	-83
82	-83
83	-83
-84	-84
-83	-84
-82	-84
-81	-84
-80	-84
-76	-84
-74	-84
-72	-84
-68	-84
-67	-84
-66	-84
-65	-84
-64	-84
-52	-84
-50	-84
-48	-84
-44	-84
-40	-84
-36	-84
-34	-84
-32	-84
-20	-84
-19	-84
-18	-84
-17	-84
-16	-84
-12	-84
-10	-84
-8	-84
-4	-84
-3	-84
-2	-84
-1	-84
0	-84
1	-84
2	-84
3	-84
4	-84
8	-84
10	-84
12	-84
16	-84
17	-84
18	-84
19	-84
20	-84
32	-84
34	-84
36	-84
40	-84
44	-84
48	-84
50	-84
52	-84
64	-84
65	-84
66	-84
67	-84
68	-84
72	-84
74	-84
76	-84
80	-84
81	-84
82	-84
83	-84
84	-84
-85	-85
-84	-85
-83	-85
-82	-85
-81	-85
-80	-85
-77	-85
-76	-85
-75	-85
-74	-85
-73	-85
-72	-85
-69	-85
-68	-85
-67	-85
-66	-85
-65	-85
-64	-85
-53	-85
-52	-85
-51	-85
-50	-85
-49	-85
-48	-85
-45	-85
-44	-85
-41	-85
-40	-85
-37	-85
-36	-85
-35	-85
-34	-85
-33	-85
-32	-85
-21	-85
-20	-85
-19	-85
-18	-85
-17	-85
-16	-85
-13	-85
-12	-85
-11	-85
-10	-85
-9	-85
-8	-85
-5	-85
-4	-85
-3	-85
-2	-85
-1	-85
0	-85
1	-85
2	-85
3	-85
4	-85
5	-85
8	-85
9	-85
10	-85
11	-85
12	-85
13	-85
16	-85
17	-85
18	-85
19	-85
20	-85
21	-85
32	-85
33	-85
34	-85
35	-85
36	-85
37	-85
40	-85
41	-85
44	-85
45	-85
48	-85
49	-85
50	-85
51	-85
52	-85
53	-85
64	-85
65	-85
66	-85
67	-85
68	-85
69	-85
72	-85
73	-85
74	-85
75	-85
76	-85
77	-85
80	-85
81	-85
82	-85
83	-85
84	-85
85	-85
-86	-86
-85	-86
-84	-86
-83	-86
-82	-86
-81	-86
-80	-86
-78	-86
-77	-86
-76	-86
-74	-86
-73	-86
-72	-86
-70	-86
-69	-86
-68	-86
-67	-86
-66	-86
-65	-86
-64	-86
-54	-86
-53	-86
-52	-86
-50	-86
-49	-86
-48	-86
-46	-86
-44	-86
-42	-86
-40	-86
-38	-86
-37	-86
-36	-86
-34	-86
-33	-86
-32	-86
-22	-86
-21	-86
-20	-86
-19	-86
-18	-86
-17	-86
-16	-86
-14	-86
-13	-86
-12	-86
-10	-86
-9	-86
-8	-86
-6	-86
-5	-86
-4	-86
-3	-86
-2	-86
-1	-86
0	-86
1	-86
2	-86
3	-86
4	-86
5	-86
6	-86
8	-86
9	-86
10	-86
12	-86
13	-86
14	-86
16	-86
17	-86
18	-86
19	-86
20	-86
21	-86
22	-86
32	-86
33	-86
34	-86
36	-86
37	-86
38	-86
40	-86
42	-86
44	-86
46	-86
48	-86
49	-86
50	-86
52	-86
53	-86
54	-86
64	-86
65	-86
66	-86
67	-86
68	-86
69	-86
70	-86
72	-86
73	-86
74	-86
76	-86
77	-86
78	-86
80	-86
81	-86
82	-86
83	-86
84	-86
85	-86
86	-86
-87	-87
-86	-87
-85	-87
-84	-87
-83	-87
-82	-87
-81	-87
-80	-87
-79	-87
-78	-87
-77	-87
-76	-87
-75	-87
-74	-87
-73	-87
-72	-87
-71	-87
-70	-87
-69	-87
-68	-87
-67	-87
-66	-87
-65	-87
-64	-87
-55	-87
-54	-87
-53	-87
-52	-87
-51	-87
-50	-87
-49	-87
-48	-87
-47	-87
-46	-87
-45	-87
-44	-87
-43	-87
-42	-87
-41	-87
-40	-87
-39	-87
-38	-87
-37	-87
-36	-87
-35	-87
-34	-87
-33	-87
-32	-87
-23	-87
-22	-87
-21	-87
-20	-87
-19	-87
-18	-87
-17	-87
-16	-87
-15	-87
-14	-87
-13	-87
-12	-87
-11	-87
-10	-87
-9	-87
-8	-87
-7	-87
-6	-87
-5	-87
-4	-87
-3	-87
-2	-87
-1	-87
0	-87
1	-87
2	-87
3	-87
4	-87
5	-87
6	-87
7	-87
8	-87
9	-87
10	-87
11	-87
12	-87
13	-87
14	-87
15	-87
16	-87
17	-87
18	-87
19	-87
20	-87
21	-87
22	-87
23	-87
32	-87
33	-87
34	-87
35	-87
36	-87
37	-87
38	-87
39	-87
40	-87
41	-87
42	-87
43	-87
44	-87
45	-87
46	-87
47	-87
48	-87
49	-87
50	-87
51	-87
52	-87
53	-87
54	-87
55	-87
64	-87
65	-87
66	-87
67	-87
68	-87
69	-87
70	-87
71	-87
72	-87
73	-87
74	-87
75	-87
76	-87
77	-87
78	-87
79	-87
80	-87
81	-87
82	-87
83	-87
84	-87
85	-87
86	-87
87	-87
-88	-88
-86	-88
-84	-88
-82	-88
-80	-88
-76	-88
-72	-88
-70	-88
-68	-88
-66	-88
-64	-88
-56	-88
-52	-88
-48	-88
-40	-88
-36	-88
-32	-88
-24	-88
-22	-88
-20	-88
-18	-88
-16	-88
-12	-88
-8	-88
-6	-88
-4	-88
-2	-88
0	-88
2	-88
4	-88
6	-88
8	-88
12	-88
16	-88
18	-88
20	-88
22	-88
24	-88
32	-88
36	-88
40	-88
48	-88
52	-88
56	-88
64	-88
66	-88
68	-88
70	-88
72	-88
76	-88
80	-88
82	-88
84	-88
86	-88
88	-88
-89	-89
-88	-89
-87	-89
-86	-89
-85	-89
-84	-89
-83	-89
-82	-89
-81	-89
-80	-89
-77	-89
-76	-89
-73	-89
-72	-89
-71	-89
-70	-89
-69	-89
-68	-89
-67	-89
-66	-89
-65	-89
-64	-89
-57	-89
-56	-89
-53	-89
-52	-89
-49	-89
-48	-89
-41	-89
-40	-89
-37	-89
-36	-89
-33	-89
-32	-89
-25	-89
-24	-89
-23	-89
-22	-89
-21	-89
-20	-89
-19	-89
-18	-89
-17	-89
-16	-89
-13	-89
-12	-89
-9	-89
-8	-89
-7	-89
-6	-89
-5	-89
-4	-89
-3	-89
-2	-89
-1	-89
0	-89
1	-89
2	-89
3	-89
4	-89
5	-89
6	-89
7	-89
8	-89
9	-89
12	-89
13	-89
16	-89
17	-89
18	-89
19	-89
20	-89
21	-89
22	-89
23	-89
24	-89
25	-89
32	-89
33	-89
36	-89
37	-89
40	-89
41	-89
48	-89
49	-89
52	-89
53	-89
56	-89
57	-89
64	-89
65	-89
66	-89
67	-89
68	-89
69	-89
70	-89
71	-89
72	-89
73	-89
76	-89
77	-89
80	-89
81	-89
82	-89
83	-89
84	-89
85	-89
86	-89
87	-89
88	-89
89	-89
-90	-90
-89	-90
-88	-90
-86	-90
-85	-90
-84	-90
-82	-90
-81	-90
-80	-90
-78	-90
-76	-90
-74	-90
-73	-90
-72	-90
-70	-90
-69	-90
-68	-90
-66	-90
-65	-90
-64	-90
-58	-90
-57	-90
-56	-90
-54	-90
-52	-90
-50	-90
-49	-90
-48	-90
-42	-90
-41	-90
-40	-90
-38	-90
-36	-90
-34	-90
-33	-90
-32	-90
-26	-90
-25	-90
-24	-90
-22	-90
-21	-90
-20	-90
-18	-90
-17	-90
-16	-90
-14	-90
-12	-90
-10	-90
-9	-90
-8	-90
-6	-90
-5	-90
-4	-90
-2	-90
-1	-90
0	-90
1	-90
2	-90
4	-90
5	-90
6	-90
8	-90
9	-90
10	-90
12	-90
14	-90
16	-90
17	-90
18	-90
20	-90
21	-90
22	-90
24	-90
25	-90
26	-90
32	-90
33	-90
34	-90
36	-90
38	-90
40	-90
41	-90
42	-90
48	-90
49	-90
50	-90
52	-90
54	-90
56	-90
57	-90
58	-90
64	-90
65	-90
66	-90
68	-90
69	-90
70	-90
72	-90
73	-90
74	-90
76	-90
78	-90
80	-90
81	-90
82	-90
84	-90
85	-90
86	-90
88	-90
89	-90
90	-90
-91	-91
-90	-91
-89	-91
-88	-91
-87	-91
-86	-91
-85	-91
-84	-91
-83	-91
-82	-91
-81	-91
-80	-91
-79	-91
-78	-91
-77	-91
-76	-91
-75	-91
-74	-91
-73	-91
-72	-91
-71	-91
-70	-91
-69	-91
-68	-91
-67	-91
-66	-91
-65	-91
-64	-91
-59	-91
-58	-91
-57	-91
-56	-91
-55	-91
-54	-91
-53	-91
-52	-91
-51	-91
-50	-91
-49	-91
-48	-91
-43	-91
-42	-91
-41	-91
-40	-91
-39	-91
-38	-91
-37	-91
-36	-91
-35	-91
-34	-91
-33	-91
-32	-91
-27	-91
-26	-91
-25	-91
-24	-91
-23	-91
-22	-91
-21	-91
-20	-91
-19	-91
-18	-91
-17	-91
-16	-91
-15	-91
-14	-91
-13	-91
-12	-91
-11	-91
-10	-91
-9	-91
-8	-91
-7	-91
-6	-91
-5	-91
-4	-91
-3	-91
-2	-91
-1	-91
0	-91
1	-91
2	-91
3	-91
4	-91
5	-91
6	-91
7	-91
8	-91
9	-91
10	-91
11	-91
12	-91
13	-91
14	-91
15	-91
16	-91
17	-91
18	-91
19	-91
20	-91
21	-91
22	-91
23	-91
24	-91
25	-91
26	-91
27	-91
32	-91
33	-91
34	-91
35	-91
36	-91
37	-91
38	-91
39	-91
40	-91
41	-91
42	-91
43	-91
48	-91
49	-91
50	-91
51	-91
52	-91
53	-91
54	-91
55	-91
56	-91
57	-91
58	-91
59	-91
64	-91
65	-91
66	-91
67	-91
68	-91
69	-91
70	-91
71	-91
72	-91
73	-91
74	-91
75	-91
76	-91
77	-91
78	-91
79	-91
80	-91
81	-91
82	-91
83	-91
84	-91
85	-91
86	-91
87	-91
88	-91
89	-91
90	-91
91	-91
-92	-92
-91	-92
-90	-92
-89	-92
-88	-92
-86	-92
-84	-92
-83	-92
-82	-92
-81	-92
-80	-92
-76	-92
-75	-92
-74	-92
-73	-92
-72	-92
-70	-92
-68	-92
-67	-92
-66	-92
-65	-92
-64	-92
-60	-92
-58	-92
-56	-92
-52	-92
-50	-92
-48	-92
-44	-92
-42	-92
-40	-92
-36	-92
-34	-92
-32	-92
-28	-92
-27	-92
-26	-92
-25	-92
-24	-92
-22	-92
-20	-92
-19	-92
-18	-92
-17	-92
-16	-92
-12	-92
-11	-92
-10	-92
-9	-92
-8	-92
-6	-92
-4	-92
-3	-92
-2	-92
-1	-92
0	-92
1	-92
2	-92
3	-92
4	-92
6	-92
8	-92
9	-92
10	-92
11	-92
12	-92
16	-92
17	-92
18	-92
19	-92
20	-92
22	-92
24	-92
25	-92
26	-92
27	-92
28	-92
32	-92
34	-92
36	-92
40	-92
42	-92
44	-92
48	-92
50	-92
52	-92
56	-92
58	-92
60	-92
64	-92
65	-92
66	-92
67	-92
68	-92
70	-92
72	-92
73	-92
74	-92
75	-92
76	-92
80	-92
81	-92
82	-92
83	-92
84	-92
86	-92
88	-92
89	-92
90	-92
91	-92
92	-92
-93	-93
-92	-93
-91	-93
-90	-93
-89	-93
-88	-93
-87	-93
-86	-93
-85	-93
-84	-93
-83	-93
-82	-93
-81	-93
-80	-93
-77	-93
-76	-93
-75	-93
-74	-93
-73	-93
-72	-93
-71	-93
-70	-93
-69	-93
-68	-93
-67	-93
-66	-93
-65	-93
-64	-93
-61	-93
-60	-93
-59	-93
-58	-93
-57	-93
-56	-93
-53	-93
-52	-93
-51	-93
-50	-93
-49	-93
-48	-93
-45	-93
-44	-93
-43	-93
-42	-93
-41	-93
-40	-93
-37	-93
-36	-93
-35	-93
-34	-93
-33	-93
-32	-93
-29	-93
-28	-93
-27	-93
-26	-93
-25	-93
-24	-93
-23	-93
-22	-93
-21	-93
-20	-93
-19	-93
-18	-93
-17	-93
-16	-93
-13	-93
-12	-93
-11	-93
-10	-93
-9	-93
-8	-93
-7	-93
-6	-93
-5	-93
-4	-93
-3	-93
-2	-93
-1	-93
0	-93
1	-93
2	-93
3	-93
4	-93
5	-93
6	-93
7	-93
8	-93
9	-93
10	-93
11	-93
12	-93
13	-93
16	-93
17	-93
18	-93
19	-93
20	-93
21	-93
22	-93
23	-93
24	-93
25	-93
26	-93
27	-93
28	-93
29	-93
32	-93
33	-93
34	-93
35	-93
36	-93
37	-93
40	-93
41	-93
42	-93
43	-93
44	-93
45	-93
48	-93
49	-93
50	-93
51	-93
52	-93
53	-93
56	-93
57	-93
58	-93
59	-93
60	-93
61	-93
64	-93
65	-93
66	-93
67	-93
68	-93
69	-93
70	-93
71	-93
72	-93
73	-93
74	-93
75	-93
76	-93
77	-93
80	-93
81	-93
82	-93
83	-93
84	-93
85	-93
86	-93
87	-93
88	-93
89	-93
90	-93
91	-93
92	-93
93	-93
-94	-94
-93	-94
-92	-94
-91	-94
-90	-94
-89	-94
-88	-94
-86	-94
-85	-94
-84	-94
-83	-94
-82	-94
-81	-94
-80	-94
-78	-94
-77	-94
-76	-94
-75	-94
-74	-94
-73	-94
-72	-94
-70	-94
-69	-94
-68	-94
-67	-94
-66	-94
-65	-94
-64	-94
-62	-94
-61	-94
-60	-94
-58	-94
-57	-94
-56	-94
-54	-94
-53	-94
-52	-94
-50	-94
-49	-94
-48	-94
-46	-94
-45	-94
-44	-94
-42	-94
-41	-94
-40	-94
-38	-94
-37	-94
-36	-94
-34	-94
-33	-94
-32	-94
-30	-94
-29	-94
-28	-94
-27	-94
-26	-94
-25	-94
-24	-94
-22	-94
-21	-94
-20	-94
-19	-94
-18	-94
-17	-94
-16	-94
-14	-94
-13	-94
-12	-94
-11	-94
-10	-94
-9	-94
-8	-94
-6	-94
-5	-94
-4	-94
-3	-94
-2	-94
-1	-94
0	-94
1	-94
2	-94
3	-94
4	-94
5	-94
6	-94
8	-94
9	-94
10	-94
11	-94
12	-94
13	-94
14	-94
16	-94
17	-94
18	-94
19	-94
20	-94
21	-94
22	-94
24	-94
25	-94
26	-94
27	-94
28	-94
29	-94
30	-94
32	-94
33	-94
34	-94
36	-94
37	-94
38	-94
40	-94
41	-94
42	-94
44	-94
45	-94
46	-94
48	-94
49	-94
50	-94
52	-94
53	-94
54	-94
56	-94
57	-94
58	-94
60	-94
61	-94
62	-94
64	-94
65	-94
66	-94
67	-94
68	-94
69	-94
70	-94
72	-94
73	-94
74	-94
75	-94
76	-94
77	-94
78	-94
80	-94
81	-94
82	-94
83	-94
84	-94
85	-94
86	-94
88	-94
89	-94
90	-94
91	-94
92	-94
93	-94
94	-94
-95	-95
-94	-95
-93	-95
-92	-95
-91	-95
-90	-95
-89	-95
-88	-95
-87	-95
-86	-95
-85	-95
-84	-95
-83	-95
-82	-95
-81	-95
-80	-95
-79	-95
-78	-95
-77	-95
-76	-95
-75	-95
-74	-95
-73	-95
-72	-95
-71	-95
-70	-95
-69	-95
-68	-95
-67	-95
-66	-95
-65	-95
-64	-95
-63	-95
-62	-95
-61	-95
-60	-95
-59	-95
-58	-95
-57	-95
-56	-95
-55	-95
-54	-95
-53	-95
-52	-95
-51	-95
-50	-95
-49	-95
-48	-95
-47	-95
-46	-95
-45	-95
-44	-95
-43	-95
-42	-95
-41	-95
-40	-95
-39	-95
-38	-95
-37	-95
-36	-95
-35	-95
-34	-95
-33	-95
-32	-95
-31	-95
-30	-95
-29	-95
-28	-95
-27	-95
-26	-95
-25	-95
-24	-95
-23	-95
-22	-95
-21	-95
-20	-95
-19	-95
-18	-95
-17	-95
-16	-95
-15	-95
-14	-95
-13	-95
-12	-95
-11	-95
-10	-95
-9	-95
-8	-95
-7	-95
-6	-95
-5	-95
-4	-95
-3	-95
-2	-95
-1	-95
0	-95
1	-95
2	-95
3	-95
4	-95
5	-95
6	-95
7	-95
8	-95
9	-95
10	-95
11	-95
12	-95
13	-95
14	-95
15	-95
16	-95
17	-95
18	-95
19	-95
20	-95
21	-95
22	-95
23	-95
24	-95
25	-95
26	-95
27	-95
28	-95
29	-95
30	-95
31	-95
32	-95
33	-95
34	-95
35	-95
36	-95
37	-95
38	-95
39	-95
40	-95
41	-95
42	-95
43	-95
44	-95
45	-95
46	-95
47	-95
48	-95
49	-95
50	-95
51	-95
52	-95
53	-95
54	-95
55	-95
56	-95
57	-95
58	-95
59	-95
60	-95
61	-95
62	-95
63	-95
64	-95
65	-95
66	-95
67	-95
68	-95
69	-95
70	-95
71	-95
72	-95
73	-95
74	-95
75	-95
76	-95
77	-95
78	-95
79	-95
80	-95
81	-95
82	-95
83	-95
84	-95
85	-95
86	-95
87	-95
88	-95
89	-95
90	-95
91	-95
92	-95
93	-95
94	-95
95	-95
