#53 div-> 3
0	0
-1	-1
0	-1
1	-1
-2	-2
-1	-2
0	-2
1	-2
2	-2
-3	-3
0	-3
3	-3
-4	-4
-3	-4
-1	-4
0	-4
1	-4
3	-4
4	-4
-5	-5
-4	-5
-3	-5
-2	-5
-1	-5
0	-5
1	-5
2	-5
3	-5
4	-5
5	-5
-6	-6
-3	-6
0	-6
3	-6
6	-6
-7	-7
-6	-7
-4	-7
-3	-7
-1	-7
0	-7
1	-7
3	-7
4	-7
6	-7
7	-7
-8	-8
-7	-8
-6	-8
-5	-8
-4	-8
-3	-8
-2	-8
-1	-8
0	-8
1	-8
2	-8
3	-8
4	-8
5	-8
6	-8
7	-8
8	-8
-9	-9
0	-9
9	-9
-10	-10
-9	-10
-1	-10
0	-10
1	-10
9	-10
10	-10
-11	-11
-10	-11
-9	-11
-2	-11
-1	-11
0	-11
1	-11
2	-11
9	-11
10	-11
11	-11
-12	-12
-9	-12
-3	-12
0	-12
3	-12
9	-12
12	-12
-13	-13
-12	-13
-10	-13
-9	-13
-4	-13
-3	-13
-1	-13
0	-13
1	-13
3	-13
4	-13
9	-13
10	-13
12	-13
13	-13
-14	-14
-13	-14
-12	-14
-11	-14
-10	-14
-9	-14
-5	-14
-4	-14
-3	-14
-2	-14
-1	-14
0	-14
1	-14
2	-14
3	-14
4	-14
5	-14
9	-14
10	-14
11	-14
12	-14
13	-14
14	-14
-15	-15
-12	-15
-9	-15
-6	-15
-3	-15
0	-15
3	-15
6	-15
9	-15
12	-15
15	-15
-16	-16
-15	-16
-13	-16
-12	-16
-10	-16
-9	-16
-7	-16
-6	-16
-4	-16
-3	-16
-1	-16
0	-16
1	-16
3	-16
4	-16
6	-16
7	-16
9	-16
10	-16
12	-16
13	-16
15	-16
16	-16
-17	-17
-16	-17
-15	-17
-14	-17
-13	-17
-12	-17
-11	-17
-10	-17
-9	-17
-8	-17
-7	-17
-6	-17
-5	-17
-4	-17
-3	-17
-2	-17
-1	-17
0	-17
1	-17
2	-17
3	-17
4	-17
5	-17
6	-17
7	-17
8	-17
9	-17
10	-17
11	-17
12	-17
13	-17
14	-17
15	-17
16	-17
17	-17
-18	-18
-9	-18
0	-18
9	-18
18	-18
-19	-19
-18	-19
-10	-19
-9	-19
-1	-19
0	-19
1	-19
9	-19
10	-19
18	-19
19	-19
-20	-20
-19	-20
-18	-20
-11	-20
-10	-20
-9	-20
-2	-20
-1	-20
0	-20
1	-20
2	-20
9	-20
10	-20
11	-20
18	-20
19	-20
20	-20
-21	-21
-18	-21
-12	-21
-9	-21
-3	-21
0	-21
3	-21
9	-21
12	-21
18	-21
21	-21
-22	-22
-21	-22
-19	-22
-18	-22
-13	-22
-12	-22
-10	-22
-9	-22
-4	-22
-3	-22
-1	-22
0	-22
1	-22
3	-22
4	-22
9	-22
10	-22
12	-22
13	-22
18	-22
19	-22
21	-22
22	-22
-23	-23
-22	-23
-21	-23
-20	-23
-19	-23
-18	-23
-14	-23
-13	-23
-12	-23
-11	-23
-10	-23
-9	-23
-5	-23
-4	-23
-3	-23
-2	-23
-1	-23
0	-23
1	-23
2	-23
3	-23
4	-23
5	-23
9	-23
10	-23
11	-23
12	-23
13	-23
14	-23
18	-23
19	-23
20	-23
21	-23
22	-23
23	-23
-24	-24
-21	-24
-18	-24
-15	-24
-12	-24
-9	-24
-6	-24
-3	-24
0	-24
3	-24
6	-24
9	-24
12	-24
15	-24
18	-24
21	-24
24	-24
-25	-25
-24	-25
-22	-25
-21	-25
-19	-25
-18	-25
-16	-25
-15	-25
-13	-25
-12	-25
-10	-25
-9	-25
-7	-25
-6	-25
-4	-25
-3	-25
-1	-25
0	-25
1	-25
3	-25
4	-25
6	-25
7	-25
9	-25
10	-25
12	-25
13	-25
15	-25
16	-25
18	-25
19	-25
21	-25
22	-25
24	-25
25	-25
-26	-26
-25	-26
-24	-26
-23	-26
-22	-26
-21	-26
-20	-26
-19	-26
-18	-26
-17	-26
-16	-26
-15	-26
-14	-26
-13	-26
-12	-26
-11	-26
-10	-26
-9	-26
-8	-26
-7	-26
-6	-26
-5	-26
-4	-26
-3	-26
-2	-26
-1	-26
0	-26
1	-26
2	-26
3	-26
4	-26
5	-26
6	-26
7	-26
8	-26
9	-26
10	-26
11	-26
12	-26
13	-26
14	-26
15	-26
16	-26
17	-26
18	-26
19	-26
20	-26
21	-26
22	-26
23	-26
24	-26
25	-26
26	-26
-27	-27
0	-27
27	-27
-28	-28
-27	-28
-1	-28
0	-28
1	-28
27	-28
28	-28
-29	-29
-28	-29
-27	-29
-2	-29
-1	-29
0	-29
1	-29
2	-29
27	-29
28	-29
29	-29
-30	-30
-27	-30
-3	-30
0	-30
3	-30
27	-30
30	-30
-31	-31
-30	-31
-28	-31
-27	-31
-4	-31
-3	-31
-1	-31
0	-31
1	-31
3	-31
4	-31
27	-31
28	-31
30	-31
31	-31
-32	-32
-31	-32
-30	-32
-29	-32
-28	-32
-27	-32
-5	-32
-4	-32
-3	-32
-2	-32
-1	-32
0	-32
1	-32
2	-32
3	-32
4	-32
5	-32
27	-32
28	-32
29	-32
30	-32
31	-32
32	-32
-33	-33
-30	-33
-27	-33
-6	-33
-3	-33
0	-33
3	-33
6	-33
27	-33
30	-33
33	-33
-34	-34
-33	-34
-31	-34
-30	-34
-28	-34
-27	-34
-7	-34
-6	-34
-4	-34
-3	-34
-1	-34
0	-34
1	-34
3	-34
4	-34
6	-34
7	-34
27	-34
28	-34
30	-34
31	-34
33	-34
34	-34
-35	-35
-34	-35
-33	-35
-32	-35
-31	-35
-30	-35
-29	-35
-28	-35
-27	-35
-8	-35
-7	-35
-6	-35
-5	-35
-4	-35
-3	-35
-2	-35
-1	-35
0	-35
1	-35
2	-35
3	-35
4	-35
5	-35
6	-35
7	-35
8	-35
27	-35
28	-35
29	-35
30	-35
31	-35
32	-35
33	-35
34	-35
35	-35
-36	-36
-27	-36
-9	-36
0	-36
9	-36
27	-36
36	-36
-37	-37
-36	-37
-28	-37
-27	-37
-10	-37
-9	-37
-1	-37
0	-37
1	-37
9	-37
10	-37
27	-37
28	-37
36	-37
37	-37
-38	-38
-37	-38
-36	-38
-29	-38
-28	-38
-27	-38
-11	-38
-10	-38
-9	-38
-2	-38
-1	-38
0	-38
1	-38
2	-38
9	-38
10	-38
11	-38
27	-38
28	-38
29	-38
36	-38
37	-38
38	-38
-39	-39
-36	-39
-30	-39
-27	-39
-12	-39
-9	-39
-3	-39
0	-39
3	-39
9	-39
12	-39
27	-39
30	-39
36	-39
39	-39
-40	-40
-39	-40
-37	-40
-36	-40
-31	-40
-30	-40
-28	-40
-27	-40
-13	-40
-12	-40
-10	-40
-9	-40
-4	-40
-3	-40
-1	-40
0	-40
1	-40
3	-40
4	-40
9	-40
10	-40
12	-40
13	-40
27	-40
28	-40
30	-40
31	-40
36	-40
37	-40
39	-40
40	-40
-41	-41
-40	-41
-39	-41
-38	-41
-37	-41
-36	-41
-32	-41
-31	-41
-30	-41
-29	-41
-28	-41
-27	-41
-14	-41
-13	-41
-12	-41
-11	-41
-10	-41
-9	-41
-5	-41
-4	-41
-3	-41
-2	-41
-1	-41
0	-41
1	-41
2	-41
3	-41
4	-41
5	-41
9	-41
10	-41
11	-41
12	-41
13	-41
14	-41
27	-41
28	-41
29	-41
30	-41
31	-41
32	-41
36	-41
37	-41
38	-41
39	-41
40	-41
41	-41
-42	-42
-39	-42
-36	-42
-33	-42
-30	-42
-27	-42
-15	-42
-12	-42
-9	-42
-6	-42
-3	-42
0	-42
3	-42
6	-42
9	-42
12	-42
15	-42
27	-42
30	-42
33	-42
36	-42
39	-42
42	-42
-43	-43
-42	-43
-40	-43
-39	-43
-37	-43
-36	-43
-34	-43
-33	-43
-31	-43
-30	-43
-28	-43
-27	-43
-16	-43
-15	-43
-13	-43
-12	-43
-10	-43
-9	-43
-7	-43
-6	-43
-4	-43
-3	-43
-1	-43
0	-43
1	-43
3	-43
4	-43
6	-43
7	-43
9	-43
10	-43
12	-43
13	-43
15	-43
16	-43
27	-43
28	-43
30	-43
31	-43
33	-43
34	-43
36	-43
37	-43
39	-43
40	-43
42	-43
43	-43
-44	-44
-43	-44
-42	-44
-41	-44
-40	-44
-39	-44
-38	-44
-37	-44
-36	-44
-35	-44
-34	-44
-33	-44
-32	-44
-31	-44
-30	-44
-29	-44
-28	-44
-27	-44
-17	-44
-16	-44
-15	-44
-14	-44
-13	-44
-12	-44
-11	-44
-10	-44
-9	-44
-8	-44
-7	-44
-6	-44
-5	-44
-4	-44
-3	-44
-2	-44
-1	-44
0	-44
1	-44
2	-44
3	-44
4	-44
5	-44
6	-44
7	-44
8	-44
9	-44
10	-44
11	-44
12	-44
13	-44
14	-44
15	-44
16	-44
17	-44
27	-44
28	-44
29	-44
30	-44
31	-44
32	-44
33	-44
34	-44
35	-44
36	-44
37	-44
38	-44
39	-44
40	-44
41	-44
42	-44
43	-44
44	-44
-45	-45
-36	-45
-27	-45
-18	-45
-9	-45
0	-45
9	-45
18	-45
27	-45
36	-45
45	-45
-46	-46
-45	-46
-37	-46
-36	-46
-28	-46
-27	-46
-19	-46
-18	-46
-10	-46
-9	-46
-1	-46
0	-46
1	-46
9	-46
10	-46
18	-46
19	-46
27	-46
28	-46
36	-46
37	-46
45	-46
46	-46
-47	-47
-46	-47
-45	-47
-38	-47
-37	-47
-36	-47
-29	-47
-28	-47
-27	-47
-20	-47
-19	-47
-18	-47
-11	-47
-10	-47
-9	-47
-2	-47
-1	-47
0	-47
1	-47
2	-47
9	-47
10	-47
11	-47
18	-47
19	-47
20	-47
27	-47
28	-47
29	-47
36	-47
37	-47
38	-47
45	-47
46	-47
47	-47
-48	-48
-45	-48
-39	-48
-36	-48
-30	-48
-27	-48
-21	-48
-18	-48
-12	-48
-9	-48
-3	-48
0	-48
3	-48
9	-48
12	-48
18	-48
21	-48
27	-48
30	-48
36	-48
39	-48
45	-48
48	-48
-49	-49
-48	-49
-46	-49
-45	-49
-40	-49
-39	-49
-37	-49
-36	-49
-31	-49
-30	-49
-28	-49
-27	-49
-22	-49
-21	-49
-19	-49
-18	-49
-13	-49
-12	-49
-10	-49
-9	-49
-4	-49
-3	-49
-1	-49
0	-49
1	-49
3	-49
4	-49
9	-49
10	-49
12	-49
13	-49
18	-49
19	-49
21	-49
22	-49
27	-49
28	-49
30	-49
31	-49
36	-49
37	-49
39	-49
40	-49
45	-49
46	-49
48	-49
49	-49
-50	-50
-49	-50
-48	-50
-47	-50
-46	-50
-45	-50
-41	-50
-40	-50
-39	-50
-38	-50
-37	-50
-36	-50
-32	-50
-31	-50
-30	-50
-29	-50
-28	-50
-27	-50
-23	-50
-22	-50
-21	-50
-20	-50
-19	-50
-18	-50
-14	-50
-13	-50
-12	-50
-11	-50
-10	-50
-9	-50
-5	-50
-4	-50
-3	-50
-2	-50
-1	-50
0	-50
1	-50
2	-50
3	-50
4	-50
5	-50
9	-50
10	-50
11	-50
12	-50
13	-50
14	-50
18	-50
19	-50
20	-50
21	-50
22	-50
23	-50
27	-50
28	-50
29	-50
30	-50
31	-50
32	-50
36	-50
37	-50
38	-50
39	-50
40	-50
41	-50
45	-50
46	-50
47	-50
48	-50
49	-50
50	-50
-51	-51
-48	-51
-45	-51
-42	-51
-39	-51
-36	-51
-33	-51
-30	-51
-27	-51
-24	-51
-21	-51
-18	-51
-15	-51
-12	-51
-9	-51
-6	-51
-3	-51
0	-51
3	-51
6	-51
9	-51
12	-51
15	-51
18	-51
21	-51
24	-51
27	-51
30	-51
33	-51
36	-51
39	-51
42	-51
45	-51
48	-51
51	-51
-52	-52
-51	-52
-49	-52
-48	-52
-46	-52
-45	-52
-43	-52
-42	-52
-40	-52
-39	-52
-37	-52
-36	-52
-34	-52
-33	-52
-31	-52
-30	-52
-28	-52
-27	-52
-25	-52
-24	-52
-22	-52
-21	-52
-19	-52
-18	-52
-16	-52
-15	-52
-13	-52
-12	-52
-10	-52
-9	-52
-7	-52
-6	-52
-4	-52
-3	-52
-1	-52
0	-52
1	-52
3	-52
4	-52
6	-52
7	-52
9	-52
10	-52
12	-52
13	-52
15	-52
16	-52
18	-52
19	-52
21	-52
22	-52
24	-52
25	-52
27	-52
28	-52
30	-52
31	-52
33	-52
34	-52
36	-52
37	-52
39	-52
40	-52
42	-52
43	-52
45	-52
46	-52
48	-52
49	-52
51	-52
52	-52
-53	-53
-52	-53
-51	-53
-50	-53
-49	-53
-48	-53
-47	-53
-46	-53
-45	-53
-44	-53
-43	-53
-42	-53
-41	-53
-40	-53
-39	-53
-38	-53
-37	-53
-36	-53
-35	-53
-34	-53
-33	-53
-32	-53
-31	-53
-30	-53
-29	-53
-28	-53
-27	-53
-26	-53
-25	-53
-24	-53
-23	-53
-22	-53
-21	-53
-20	-53
-19	-53
-18	-53
-17	-53
-16	-53
-15	-53
-14	-53
-13	-53
-12	-53
-11	-53
-10	-53
-9	-53
-8	-53
-7	-53
-6	-53
-5	-53
-4	-53
-3	-53
-2	-53
-1	-53
0	-53
1	-53
2	-53
3	-53
4	-53
5	-53
6	-53
7	-53
8	-53
9	-53
10	-53
11	-53
12	-53
13	-53
14	-53
15	-53
16	-53
17	-53
18	-53
19	-53
20	-53
21	-53
22	-53
23	-53
24	-53
25	-53
26	-53
27	-53
28	-53
29	-53
30	-53
31	-53
32	-53
33	-53
34	-53
35	-53
36	-53
37	-53
38	-53
39	-53
40	-53
41	-53
42	-53
43	-53
44	-53
45	-53
46	-53
47	-53
48	-53
49	-53
50	-53
51	-53
52	-53
53	-53
