#127 div-> 2
0	0
-1	-1
0	-1
1	-1
-2	-2
0	-2
2	-2
-3	-3
-2	-3
-1	-3
0	-3
1	-3
2	-3
3	-3
-4	-4
0	-4
4	-4
-5	-5
-4	-5
-1	-5
0	-5
1	-5
4	-5
5	-5
-6	-6
-4	-6
-2	-6
0	-6
2	-6
4	-6
6	-6
-7	-7
-6	-7
-5	-7
-4	-7
-3	-7
-2	-7
-1	-7
0	-7
1	-7
2	-7
3	-7
4	-7
5	-7
6	-7
7	-7
-8	-8
0	-8
8	-8
-9	-9
-8	-9
-1	-9
0	-9
1	-9
8	-9
9	-9
-10	-10
-8	-10
-2	-10
0	-10
2	-10
8	-10
10	-10
-11	-11
-10	-11
-9	-11
-8	-11
-3	-11
-2	-11
-1	-11
0	-11
1	-11
2	-11
3	-11
8	-11
9	-11
10	-11
11	-11
-12	-12
-8	-12
-4	-12
0	-12
4	-12
8	-12
12	-12
-13	-13
-12	-13
-9	-13
-8	-13
-5	-13
-4	-13
-1	-13
0	-13
1	-13
4	-13
5	-13
8	-13
9	-13
12	-13
13	-13
-14	-14
-12	-14
-10	-14
-8	-14
-6	-14
-4	-14
-2	-14
0	-14
2	-14
4	-14
6	-14
8	-14
10	-14
12	-14
14	-14
-15	-15
-14	-15
-13	-15
-12	-15
-11	-15
-10	-15
-9	-15
-8	-15
-7	-15
-6	-15
-5	-15
-4	-15
-3	-15
-2	-15
-1	-15
0	-15
1	-15
2	-15
3	-15
4	-15
5	-15
6	-15
7	-15
8	-15
9	-15
10	-15
11	-15
12	-15
13	-15
14	-15
15	-15
-16	-16
0	-16
16	-16
-17	-17
-16	-17
-1	-17
0	-17
1	-17
16	-17
17	-17
-18	-18
-16	-18
-2	-18
0	-18
2	-18
16	-18
18	-18
-19	-19
-18	-19
-17	-19
-16	-19
-3	-19
-2	-19
-1	-19
0	-19
1	-19
2	-19
3	-19
16	-19
17	-19
18	-19
19	-19
-20	-20
-16	-20
-4	-20
0	-20
4	-20
16	-20
20	-20
-21	-21
-20	-21
-17	-21
-16	-21
-5	-21
-4	-21
-1	-21
0	-21
1	-21
4	-21
5	-21
16	-21
17	-21
20	-21
21	-21
-22	-22
-20	-22
-18	-22
-16	-22
-6	-22
-4	-22
-2	-22
0	-22
2	-22
4	-22
6	-22
16	-22
18	-22
20	-22
22	-22
-23	-23
-22	-23
-21	-23
-20	-23
-19	-23
-18	-23
-17	-23
-16	-23
-7	-23
-6	-23
-5	-23
-4	-23
-3	-23
-2	-23
-1	-23
0	-23
1	-23
2	-23
3	-23
4	-23
5	-23
6	-23
7	-23
16	-23
17	-23
18	-23
19	-23
20	-23
21	-23
22	-23
23	-23
-24	-24
-16	-24
-8	-24
0	-24
8	-24
16	-24
24	-24
-25	-25
-24	-25
-17	-25
-16	-25
-9	-25
-8	-25
-1	-25
0	-25
1	-25
8	-25
9	-25
16	-25
17	-25
24	-25
25	-25
-26	-26
-24	-26
-18	-26
-16	-26
-10	-26
-8	-26
-2	-26
0	-26
2	-26
8	-26
10	-26
16	-26
18	-26
24	-26
26	-26
-27	-27
-26	-27
-25	-27
-24	-27
-19	-27
-18	-27
-17	-27
-16	-27
-11	-27
-10	-27
-9	-27
-8	-27
-3	-27
-2	-27
-1	-27
0	-27
1	-27
2	-27
3	-27
8	-27
9	-27
10	-27
11	-27
16	-27
17	-27
18	-27
19	-27
24	-27
25	-27
26	-27
27	-27
-28	-28
-24	-28
-20	-28
-16	-28
-12	-28
-8	-28
-4	-28
0	-28
4	-28
8	-28
12	-28
16	-28
20	-28
24	-28
28	-28
-29	-29
-28	-29
-25	-29
-24	-29
-21	-29
-20	-29
-17	-29
-16	-29
-13	-29
-12	-29
-9	-29
-8	-29
-5	-29
-4	-29
-1	-29
0	-29
1	-29
4	-29
5	-29
8	-29
9	-29
12	-29
13	-29
16	-29
17	-29
20	-29
21	-29
24	-29
25	-29
28	-29
29	-29
-30	-30
-28	-30
-26	-30
-24	-30
-22	-30
-20	-30
-18	-30
-16	-30
-14	-30
-12	-30
-10	-30
-8	-30
-6	-30
-4	-30
-2	-30
0	-30
2	-30
4	-30
6	-30
8	-30
10	-30
12	-30
14	-30
16	-30
18	-30
20	-30
22	-30
24	-30
26	-30
28	-30
30	-30
-31	-31
-30	-31
-29	-31
-28	-31
-27	-31
-26	-31
-25	-31
-24	-31
-23	-31
-22	-31
-21	-31
-20	-31
-19	-31
-18	-31
-17	-31
-16	-31
-15	-31
-14	-31
-13	-31
-12	-31
-11	-31
-10	-31
-9	-31
-8	-31
-7	-31
-6	-31
-5	-31
-4	-31
-3	-31
-2	-31
-1	-31
0	-31
1	-31
2	-31
3	-31
4	-31
5	-31
6	-31
7	-31
8	-31
9	-31
10	-31
11	-31
12	-31
13	-31
14	-31
15	-31
16	-31
17	-31
18	-31
19	-31
20	-31
21	-31
22	-31
23	-31
24	-31
25	-31
26	-31
27	-31
28	-31
29	-31
30	-31
31	-31
-32	-32
0	-32
32	-32
-33	-33
-32	-33
-1	-33
0	-33
1	-33
32	-33
33	-33
-34	-34
-32	-34
-2	-34
0	-34
2	-34
32	-34
34	-34
-35	-35
-34	-35
-33	-35
-32	-35
-3	-35
-2	-35
-1	-35
0	-35
1	-35
2	-35
3	-35
32	-35
33	-35
34	-35
35	-35
-36	-36
-32	-36
-4	-36
0	-36
4	-36
32	-36
36	-36
-37	-37
-36	-37
-33	-37
-32	-37
-5	-37
-4	-37
-1	-37
0	-37
1	-37
4	-37
5	-37
32	-37
33	-37
36	-37
37	-37
-38	-38
-36	-38
-34	-38
-32	-38
-6	-38
-4	-38
-2	-38
0	-38
2	-38
4	-38
6	-38
32	-38
34	-38
36	-38
38	-38
-39	-39
-38	-39
-37	-39
-36	-39
-35	-39
-34	-39
-33	-39
-32	-39
-7	-39
-6	-39
-5	-39
-4	-39
-3	-39
-2	-39
-1	-39
0	-39
1	-39
2	-39
3	-39
4	-39
5	-39
6	-39
7	-39
32	-39
33	-39
34	-39
35	-39
36	-39
37	-39
38	-39
39	-39
-40	-40
-32	-40
-8	-40
0	-40
8	-40
32	-40
40	-40
-41	-41
-40	-41
-33	-41
-32	-41
-9	-41
-8	-41
-1	-41
0	-41
1	-41
8	-41
9	-41
32	-41
33	-41
40	-41
41	-41
-42	-42
-40	-42
-34	-42
-32	-42
-10	-42
-8	-42
-2	-42
0	-42
2	-42
8	-42
10	-42
32	-42
34	-42
40	-42
42	-42
-43	-43
-42	-43
-41	-43
-40	-43
-35	-43
-34	-43
-33	-43
-32	-43
-11	-43
-10	-43
-9	-43
-8	-43
-3	-43
-2	-43
-1	-43
0	-43
1	-43
2	-43
3	-43
8	-43
9	-43
10	-43
11	-43
32	-43
33	-43
34	-43
35	-43
40	-43
41	-43
42	-43
43	-43
-44	-44
-40	-44
-36	-44
-32	-44
-12	-44
-8	-44
-4	-44
0	-44
4	-44
8	-44
12	-44
32	-44
36	-44
40	-44
44	-44
-45	-45
-44	-45
-41	-45
-40	-45
-37	-45
-36	-45
-33	-45
-32	-45
-13	-45
-12	-45
-9	-45
-8	-45
-5	-45
-4	-45
-1	-45
0	-45
1	-45
4	-45
5	-45
8	-45
9	-45
12	-45
13	-45
32	-45
33	-45
36	-45
37	-45
40	-45
41	-45
44	-45
45	-45
-46	-46
-44	-46
-42	-46
-40	-46
-38	-46
-36	-46
-34	-46
-32	-46
-14	-46
-12	-46
-10	-46
-8	-46
-6	-46
-4	-46
-2	-46
0	-46
2	-46
4	-46
6	-46
8	-46
10	-46
12	-46
14	-46
32	-46
34	-46
36	-46
38	-46
40	-46
42	-46
44	-46
46	-46
-47	-47
-46	-47
-45	-47
-44	-47
-43	-47
-42	-47
-41	-47
-40	-47
-39	-47
-38	-47
-37	-47
-36	-47
-35	-47
-34	-47
-33	-47
-32	-47
-15	-47
-14	-47
-13	-47
-12	-47
-11	-47
-10	-47
-9	-47
-8	-47
-7	-47
-6	-47
-5	-47
-4	-47
-3	-47
-2	-47
-1	-47
0	-47
1	-47
2	-47
3	-47
4	-47
5	-47
6	-47
7	-47
8	-47
9	-47
10	-47
11	-47
12	-47
13	-47
14	-47
15	-47
32	-47
33	-47
34	-47
35	-47
36	-47
37	-47
38	-47
39	-47
40	-47
41	-47
42	-47
43	-47
44	-47
45	-47
46	-47
47	-47
-48	-48
-32	-48
-16	-48
0	-48
16	-48
32	-48
48	-48
-49	-49
-48	-49
-33	-49
-32	-49
-17	-49
-16	-49
-1	-49
0	-49
1	-49
16	-49
17	-49
32	-49
33	-49
48	-49
49	-49
-50	-50
-48	-50
-34	-50
-32	-50
-18	-50
-16	-50
-2	-50
0	-50
2	-50
16	-50
18	-50
32	-50
34	-50
48	-50
50	-50
-51	-51
-50	-51
-49	-51
-48	-51
-35	-51
-34	-51
-33	-51
-32	-51
-19	-51
-18	-51
-17	-51
-16	-51
-3	-51
-2	-51
-1	-51
0	-51
1	-51
2	-51
3	-51
16	-51
17	-51
18	-51
19	-51
32	-51
33	-51
34	-51
35	-51
48	-51
49	-51
50	-51
51	-51
-52	-52
-48	-52
-36	-52
-32	-52
-20	-52
-16	-52
-4	-52
0	-52
4	-52
16	-52
20	-52
32	-52
36	-52
48	-52
52	-52
-53	-53
-52	-53
-49	-53
-48	-53
-37	-53
-36	-53
-33	-53
-32	-53
-21	-53
-20	-53
-17	-53
-16	-53
-5	-53
-4	-53
-1	-53
0	-53
1	-53
4	-53
5	-53
16	-53
17	-53
20	-53
21	-53
32	-53
33	-53
36	-53
37	-53
48	-53
49	-53
52	-53
53	-53
-54	-54
-52	-54
-50	-54
-48	-54
-38	-54
-36	-54
-34	-54
-32	-54
-22	-54
-20	-54
-18	-54
-16	-54
-6	-54
-4	-54
-2	-54
0	-54
2	-54
4	-54
6	-54
16	-54
18	-54
20	-54
22	-54
32	-54
34	-54
36	-54
38	-54
48	-54
50	-54
52	-54
54	-54
-55	-55
-54	-55
-53	-55
-52	-55
-51	-55
-50	-55
-49	-55
-48	-55
-39	-55
-38	-55
-37	-55
-36	-55
-35	-55
-34	-55
-33	-55
-32	-55
-23	-55
-22	-55
-21	-55
-20	-55
-19	-55
-18	-55
-17	-55
-16	-55
-7	-55
-6	-55
-5	-55
-4	-55
-3	-55
-2	-55
-1	-55
0	-55
1	-55
2	-55
3	-55
4	-55
5	-55
6	-55
7	-55
16	-55
17	-55
18	-55
19	-55
20	-55
21	-55
22	-55
23	-55
32	-55
33	-55
34	-55
35	-55
36	-55
37	-55
38	-55
39	-55
48	-55
49	-55
50	-55
51	-55
52	-55
53	-55
54	-55
55	-55
-56	-56
-48	-56
-40	-56
-32	-56
-24	-56
-16	-56
-8	-56
0	-56
8	-56
16	-56
24	-56
32	-56
40	-56
48	-56
56	-56
-57	-57
-56	-57
-49	-57
-48	-57
-41	-57
-40	-57
-33	-57
-32	-57
-25	-57
-24	-57
-17	-57
-16	-57
-9	-57
-8	-57
-1	-57
0	-57
1	-57
8	-57
9	-57
16	-57
17	-57
24	-57
25	-57
32	-57
33	-57
40	-57
41	-57
48	-57
49	-57
56	-57
57	-57
-58	-58
-56	-58
-50	-58
-48	-58
-42	-58
-40	-58
-34	-58
-32	-58
-26	-58
-24	-58
-18	-58
-16	-58
-10	-58
-8	-58
-2	-58
0	-58
2	-58
8	-58
10	-58
16	-58
18	-58
24	-58
26	-58
32	-58
34	-58
40	-58
42	-58
48	-58
50	-58
56	-58
58	-58
-59	-59
-58	-59
-57	-59
-56	-59
-51	-59
-50	-59
-49	-59
-48	-59
-43	-59
-42	-59
-41	-59
-40	-59
-35	-59
-34	-59
-33	-59
-32	-59
-27	-59
-26	-59
-25	-59
-24	-59
-19	-59
-18	-59
-17	-59
-16	-59
-11	-59
-10	-59
-9	-59
-8	-59
-3	-59
-2	-59
-1	-59
0	-59
1	-59
2	-59
3	-59
8	-59
9	-59
10	-59
11	-59
16	-59
17	-59
18	-59
19	-59
24	-59
25	-59
26	-59
27	-59
32	-59
33	-59
34	-59
35	-59
40	-59
41	-59
42	-59
43	-59
48	-59
49	-59
50	-59
51	-59
56	-59
57	-59
58	-59
59	-59
-60	-60
-56	-60
-52	-60
-48	-60
-44	-60
-40	-60
-36	-60
-32	-60
-28	-60
-24	-60
-20	-60
-16	-60
-12	-60
-8	-60
-4	-60
0	-60
4	-60
8	-60
12	-60
16	-60
20	-60
24	-60
28	-60
32	-60
36	-60
40	-60
44	-60
48	-60
52	-60
56	-60
60	-60
-61	-61
-60	-61
-57	-61
-56	-61
-53	-61
-52	-61
-49	-61
-48	-61
-45	-61
-44	-61
-41	-61
-40	-61
-37	-61
-36	-61
-33	-61
-32	-61
-29	-61
-28	-61
-25	-61
-24	-61
-21	-61
-20	-61
-17	-61
-16	-61
-13	-61
-12	-61
-9	-61
-8	-61
-5	-61
-4	-61
-1	-61
0	-61
1	-61
4	-61
5	-61
8	-61
9	-61
12	-61
13	-61
16	-61
17	-61
20	-61
21	-61
24	-61
25	-61
28	-61
29	-61
32	-61
33	-61
36	-61
37	-61
40	-61
41	-61
44	-61
45	-61
48	-61
49	-61
52	-61
53	-61
56	-61
57	-61
60	-61
61	-61
-62	-62
-60	-62
-58	-62
-56	-62
-54	-62
-52	-62
-50	-62
-48	-62
-46	-62
-44	-62
-42	-62
-40	-62
-38	-62
-36	-62
-34	-62
-32	-62
-30	-62
-28	-62
-26	-62
-24	-62
-22	-62
-20	-62
-18	-62
-16	-62
-14	-62
-12	-62
-10	-62
-8	-62
-6	-62
-4	-62
-2	-62
0	-62
2	-62
4	-62
6	-62
8	-62
10	-62
12	-62
14	-62
16	-62
18	-62
20	-62
22	-62
24	-62
26	-62
28	-62
30	-62
32	-62
34	-62
36	-62
38	-62
40	-62
42	-62
44	-62
46	-62
48	-62
50	-62
52	-62
54	-62
56	-62
58	-62
60	-62
62	-62
-63	-63
-62	-63
-61	-63
-60	-63
-59	-63
-58	-63
-57	-63
-56	-63
-55	-63
-54	-63
-53	-63
-52	-63
-51	-63
-50	-63
-49	-63
-48	-63
-47	-63
-46	-63
-45	-63
-44	-63
-43	-63
-42	-63
-41	-63
-40	-63
-39	-63
-38	-63
-37	-63
-36	-63
-35	-63
-34	-63
-33	-63
-32	-63
-31	-63
-30	-63
-29	-63
-28	-63
-27	-63
-26	-63
-25	-63
-24	-63
-23	-63
-22	-63
-21	-63
-20	-63
-19	-63
-18	-63
-17	-63
-16	-63
-15	-63
-14	-63
-13	-63
-12	-63
-11	-63
-10	-63
-9	-63
-8	-63
-7	-63
-6	-63
-5	-63
-4	-63
-3	-63
-2	-63
-1	-63
0	-63
1	-63
2	-63
3	-63
4	-63
5	-63
6	-63
7	-63
8	-63
9	-63
10	-63
11	-63
12	-63
13	-63
14	-63
15	-63
16	-63
17	-63
18	-63
19	-63
20	-63
21	-63
22	-63
23	-63
24	-63
25	-63
26	-63
27	-63
28	-63
29	-63
30	-63
31	-63
32	-63
33	-63
34	-63
35	-63
36	-63
37	-63
38	-63
39	-63
40	-63
41	-63
42	-63
43	-63
44	-63
45	-63
46	-63
47	-63
48	-63
49	-63
50	-63
51	-63
52	-63
53	-63
54	-63
55	-63
56	-63
57	-63
58	-63
59	-63
60	-63
61	-63
62	-63
63	-63
-64	-64
0	-64
64	-64
-65	-65
-64	-65
-1	-65
0	-65
1	-65
64	-65
65	-65
-66	-66
-64	-66
-2	-66
0	-66
2	-66
64	-66
66	-66
-67	-67
-66	-67
-65	-67
-64	-67
-3	-67
-2	-67
-1	-67
0	-67
1	-67
2	-67
3	-67
64	-67
65	-67
66	-67
67	-67
-68	-68
-64	-68
-4	-68
0	-68
4	-68
64	-68
68	-68
-69	-69
-68	-69
-65	-69
-64	-69
-5	-69
-4	-69
-1	-69
0	-69
1	-69
4	-69
5	-69
64	-69
65	-69
68	-69
69	-69
-70	-70
-68	-70
-66	-70
-64	-70
-6	-70
-4	-70
-2	-70
0	-70
2	-70
4	-70
6	-70
64	-70
66	-70
68	-70
70	-70
-71	-71
-70	-71
-69	-71
-68	-71
-67	-71
-66	-71
-65	-71
-64	-71
-7	-71
-6	-71
-5	-71
-4	-71
-3	-71
-2	-71
-1	-71
0	-71
1	-71
2	-71
3	-71
4	-71
5	-71
6	-71
7	-71
64	-71
65	-71
66	-71
67	-71
68	-71
69	-71
70	-71
71	-71
-72	-72
-64	-72
-8	-72
0	-72
8	-72
64	-72
72	-72
-73	-73
-72	-73
-65	-73
-64	-73
-9	-73
-8	-73
-1	-73
0	-73
1	-73
8	-73
9	-73
64	-73
65	-73
72	-73
73	-73
-74	-74
-72	-74
-66	-74
-64	-74
-10	-74
-8	-74
-2	-74
0	-74
2	-74
8	-74
10	-74
64	-74
66	-74
72	-74
74	-74
-75	-75
-74	-75
-73	-75
-72	-75
-67	-75
-66	-75
-65	-75
-64	-75
-11	-75
-10	-75
-9	-75
-8	-75
-3	-75
-2	-75
-1	-75
0	-75
1	-75
2	-75
3	-75
8	-75
9	-75
10	-75
11	-75
64	-75
65	-75
66	-75
67	-75
72	-75
73	-75
74	-75
75	-75
-76	-76
-72	-76
-68	-76
-64	-76
-12	-76
-8	-76
-4	-76
0	-76
4	-76
8	-76
12	-76
64	-76
68	-76
72	-76
76	-76
-77	-77
-76	-77
-73	-77
-72	-77
-69	-77
-68	-77
-65	-77
-64	-77
-13	-77
-12	-77
-9	-77
-8	-77
-5	-77
-4	-77
-1	-77
0	-77
1	-77
4	-77
5	-77
8	-77
9	-77
12	-77
13	-77
64	-77
65	-77
68	-77
69	-77
72	-77
73	-77
76	-77
77	-77
-78	-78
-76	-78
-74	-78
-72	-78
-70	-78
-68	-78
-66	-78
-64	-78
-14	-78
-12	-78
-10	-78
-8	-78
-6	-78
-4	-78
-2	-78
0	-78
2	-78
4	-78
6	-78
8	-78
10	-78
12	-78
14	-78
64	-78
66	-78
68	-78
70	-78
72	-78
74	-78
76	-78
78	-78
-79	-79
-78	-79
-77	-79
-76	-79
-75	-79
-74	-79
-73	-79
-72	-79
-71	-79
-70	-79
-69	-79
-68	-79
-67	-79
-66	-79
-65	-79
-64	-79
-15	-79
-14	-79
-13	-79
-12	-79
-11	-79
-10	-79
-9	-79
-8	-79
-7	-79
-6	-79
-5	-79
-4	-79
-3	-79
-2	-79
-1	-79
0	-79
1	-79
2	-79
3	-79
4	-79
5	-79
6	-79
7	-79
8	-79
9	-79
10	-79
11	-79
12	-79
13	-79
14	-79
15	-79
64	-79
65	-79
66	-79
67	-79
68	-79
69	-79
70	-79
71	-79
72	-79
73	-79
74	-79
75	-79
76	-79
77	-79
78	-79
79	-79
-80	-80
-64	-80
-16	-80
0	-80
16	-80
64	-80
80	-80
-81	-81
-80	-81
-65	-81
-64	-81
-17	-81
-16	-81
-1	-81
0	-81
1	-81
16	-81
17	-81
64	-81
65	-81
80	-81
81	-81
-82	-82
-80	-82
-66	-82
-64	-82
-18	-82
-16	-82
-2	-82
0	-82
2	-82
16	-82
18	-82
64	-82
66	-82
80	-82
82	-82
-83	-83
-82	-83
-81	-83
-80	-83
-67	-83
-66	-83
-65	-83
-64	-83
-19	-83
-18	-83
-17	-83
-16	-83
-3	-83
-2	-83
-1	-83
0	-83
1	-83
2	-83
3	-83
16	-83
17	-83
18	-83
19	-83
64	-83
65	-83
66	-83
67	-83
80	-83
81	-83
82	-83
83	-83
-84	-84
-80	-84
-68	-84
-64	-84
-20	-84
-16	-84
-4	-84
0	-84
4	-84
16	-84
20	-84
64	-84
68	-84
80	-84
84	-84
-85	-85
-84	-85
-81	-85
-80	-85
-69	-85
-68	-85
-65	-85
-64	-85
-21	-85
-20	-85
-17	-85
-16	-85
-5	-85
-4	-85
-1	-85
0	-85
1	-85
4	-85
5	-85
16	-85
17	-85
20	-85
21	-85
64	-85
65	-85
68	-85
69	-85
80	-85
81	-85
84	-85
85	-85
-86	-86
-84	-86
-82	-86
-80	-86
-70	-86
-68	-86
-66	-86
-64	-86
-22	-86
-20	-86
-18	-86
-16	-86
-6	-86
-4	-86
-2	-86
0	-86
2	-86
4	-86
6	-86
16	-86
18	-86
20	-86
22	-86
64	-86
66	-86
68	-86
70	-86
80	-86
82	-86
84	-86
86	-86
-87	-87
-86	-87
-85	-87
-84	-87
-83	-87
-82	-87
-81	-87
-80	-87
-71	-87
-70	-87
-69	-87
-68	-87
-67	-87
-66	-87
-65	-87
-64	-87
-23	-87
-22	-87
-21	-87
-20	-87
-19	-87
-18	-87
-17	-87
-16	-87
-7	-87
-6	-87
-5	-87
-4	-87
-3	-87
-2	-87
-1	-87
0	-87
1	-87
2	-87
3	-87
4	-87
5	-87
6	-87
7	-87
16	-87
17	-87
18	-87
19	-87
20	-87
21	-87
22	-87
23	-87
64	-87
65	-87
66	-87
67	-87
68	-87
69	-87
70	-87
71	-87
80	-87
81	-87
82	-87
83	-87
84	-87
85	-87
86	-87
87	-87
-88	-88
-80	-88
-72	-88
-64	-88
-24	-88
-16	-88
-8	-88
0	-88
8	-88
16	-88
24	-88
64	-88
72	-88
80	-88
88	-88
-89	-89
-88	-89
-81	-89
-80	-89
-73	-89
-72	-89
-65	-89
-64	-89
-25	-89
-24	-89
-17	-89
-16	-89
-9	-89
-8	-89
-1	-89
0	-89
1	-89
8	-89
9	-89
16	-89
17	-89
24	-89
25	-89
64	-89
65	-89
72	-89
73	-89
80	-89
81	-89
88	-89
89	-89
-90	-90
-88	-90
-82	-90
-80	-90
-74	-90
-72	-90
-66	-90
-64	-90
-26	-90
-24	-90
-18	-90
-16	-90
-10	-90
-8	-90
-2	-90
0	-90
2	-90
8	-90
10	-90
16	-90
18	-90
24	-90
26	-90
64	-90
66	-90
72	-90
74	-90
80	-90
82	-90
88	-90
90	-90
-91	-91
-90	-91
-89	-91
-88	-91
-83	-91
-82	-91
-81	-91
-80	-91
-75	-91
-74	-91
-73	-91
-72	-91
-67	-91
-66	-91
-65	-91
-64	-91
-27	-91
-26	-91
-25	-91
-24	-91
-19	-91
-18	-91
-17	-91
-16	-91
-11	-91
-10	-91
-9	-91
-8	-91
-3	-91
-2	-91
-1	-91
0	-91
1	-91
2	-91
3	-91
8	-91
9	-91
10	-91
11	-91
16	-91
17	-91
18	-91
19	-91
24	-91
25	-91
26	-91
27	-91
64	-91
65	-91
66	-91
67	-91
72	-91
73	-91
74	-91
75	-91
80	-91
81	-91
82	-91
83	-91
88	-91
89	-91
90	-91
91	-91
-92	-92
-88	-92
-84	-92
-80	-92
-76	-92
-72	-92
-68	-92
-64	-92
-28	-92
-24	-92
-20	-92
-16	-92
-12	-92
-8	-92
-4	-92
0	-92
4	-92
8	-92
12	-92
16	-92
20	-92
24	-92
28	-92
64	-92
68	-92
72	-92
76	-92
80	-92
84	-92
88	-92
92	-92
-93	-93
-92	-93
-89	-93
-88	-93
-85	-93
-84	-93
-81	-93
-80	-93
-77	-93
-76	-93
-73	-93
-72	-93
-69	-93
-68	-93
-65	-93
-64	-93
-29	-93
-28	-93
-25	-93
-24	-93
-21	-93
-20	-93
-17	-93
-16	-93
-13	-93
-12	-93
-9	-93
-8	-93
-5	-93
-4	-93
-1	-93
0	-93
1	-93
4	-93
5	-93
8	-93
9	-93
12	-93
13	-93
16	-93
17	-93
20	-93
21	-93
24	-93
25	-93
28	-93
29	-93
64	-93
65	-93
68	-93
69	-93
72	-93
73	-93
76	-93
77	-93
80	-93
81	-93
84	-93
85	-93
88	-93
89	-93
92	-93
93	-93
-94	-94
-92	-94
-90	-94
-88	-94
-86	-94
-84	-94
-82	-94
-80	-94
-78	-94
-76	-94
-74	-94
-72	-94
-70	-94
-68	-94
-66	-94
-64	-94
-30	-94
-28	-94
-26	-94
-24	-94
-22	-94
-20	-94
-18	-94
-16	-94
-14	-94
-12	-94
-10	-94
-8	-94
-6	-94
-4	-94
-2	-94
0	-94
2	-94
4	-94
6	-94
8	-94
10	-94
12	-94
14	-94
16	-94
18	-94
20	-94
22	-94
24	-94
26	-94
28	-94
30	-94
64	-94
66	-94
68	-94
70	-94
72	-94
74	-94
76	-94
78	-94
80	-94
82	-94
84	-94
86	-94
88	-94
90	-94
92	-94
94	-94
-95	-95
-94	-95
-93	-95
-92	-95
-91	-95
-90	-95
-89	-95
-88	-95
-87	-95
-86	-95
-85	-95
-84	-95
-83	-95
-82	-95
-81	-95
-80	-95
-79	-95
-78	-95
-77	-95
-76	-95
-75	-95
-74	-95
-73	-95
-72	-95
-71	-95
-70	-95
-69	-95
-68	-95
-67	-95
-66	-95
-65	-95
-64	-95
-31	-95
-30	-95
-29	-95
-28	-95
-27	-95
-26	-95
-25	-95
-24	-95
-23	-95
-22	-95
-21	-95
-20	-95
-19	-95
-18	-95
-17	-95
-16	-95
-15	-95
-14	-95
-13	-95
-12	-95
-11	-95
-10	-95
-9	-95
-8	-95
-7	-95
-6	-95
-5	-95
-4	-95
-3	-95
-2	-95
-1	-95
0	-95
1	-95
2	-95
3	-95
4	-95
5	-95
6	-95
7	-95
8	-95
9	-95
10	-95
11	-95
12	-95
13	-95
14	-95
15	-95
16	-95
17	-95
18	-95
19	-95
20	-95
21	-95
22	-95
23	-95
24	-95
25	-95
26	-95
27	-95
28	-95
29	-95
30	-95
31	-95
64	-95
65	-95
66	-95
67	-95
68	-95
69	-95
70	-95
71	-95
72	-95
73	-95
74	-95
75	-95
76	-95
77	-95
78	-95
79	-95
80	-95
81	-95
82	-95
83	-95
84	-95
85	-95
86	-95
87	-95
88	-95
89	-95
90	-95
91	-95
92	-95
93	-95
94	-95
95	-95
-96	-96
-64	-96
-32	-96
0	-96
32	-96
64	-96
96	-96
-97	-97
-96	-97
-65	-97
-64	-97
-33	-97
-32	-97
-1	-97
0	-97
1	-97
32	-97
33	-97
64	-97
65	-97
96	-97
97	-97
-98	-98
-96	-98
-66	-98
-64	-98
-34	-98
-32	-98
-2	-98
0	-98
2	-98
32	-98
34	-98
64	-98
66	-98
96	-98
98	-98
-99	-99
-98	-99
-97	-99
-96	-99
-67	-99
-66	-99
-65	-99
-64	-99
-35	-99
-34	-99
-33	-99
-32	-99
-3	-99
-2	-99
-1	-99
0	-99
1	-99
2	-99
3	-99
32	-99
33	-99
34	-99
35	-99
64	-99
65	-99
66	-99
67	-99
96	-99
97	-99
98	-99
99	-99
-100	-100
-96	-100
-68	-100
-64	-100
-36	-100
-32	-100
-4	-100
0	-100
4	-100
32	-100
36	-100
64	-100
68	-100
96	-100
100	-100
-101	-101
-100	-101
-97	-101
-96	-101
-69	-101
-68	-101
-65	-101
-64	-101
-37	-101
-36	-101
-33	-101
-32	-101
-5	-101
-4	-101
-1	-101
0	-101
1	-101
4	-101
5	-101
32	-101
33	-101
36	-101
37	-101
64	-101
65	-101
68	-101
69	-101
96	-101
97	-101
100	-101
101	-101
-102	-102
-100	-102
-98	-102
-96	-102
-70	-102
-68	-102
-66	-102
-64	-102
-38	-102
-36	-102
-34	-102
-32	-102
-6	-102
-4	-102
-2	-102
0	-102
2	-102
4	-102
6	-102
32	-102
34	-102
36	-102
38	-102
64	-102
66	-102
68	-102
70	-102
96	-102
98	-102
100	-102
102	-102
-103	-103
-102	-103
-101	-103
-100	-103
-99	-103
-98	-103
-97	-103
-96	-103
-71	-103
-70	-103
-69	-103
-68	-103
-67	-103
-66	-103
-65	-103
-64	-103
-39	-103
-38	-103
-37	-103
-36	-103
-35	-103
-34	-103
-33	-103
-32	-103
-7	-103
-6	-103
-5	-103
-4	-103
-3	-103
-2	-103
-1	-103
0	-103
1	-103
2	-103
3	-103
4	-103
5	-103
6	-103
7	-103
32	-103
33	-103
34	-103
35	-103
36	-103
37	-103
38	-103
39	-103
64	-103
65	-103
66	-103
67	-103
68	-103
69	-103
70	-103
71	-103
96	-103
97	-103
98	-103
99	-103
100	-103
101	-103
102	-103
103	-103
-104	-104
-96	-104
-72	-104
-64	-104
-40	-104
-32	-104
-8	-104
0	-104
8	-104
32	-104
40	-104
64	-104
72	-104
96	-104
104	-104
-105	-105
-104	-105
-97	-105
-96	-105
-73	-105
-72	-105
-65	-105
-64	-105
-41	-105
-40	-105
-33	-105
-32	-105
-9	-105
-8	-105
-1	-105
0	-105
1	-105
8	-105
9	-105
32	-105
33	-105
40	-105
41	-105
64	-105
65	-105
72	-105
73	-105
96	-105
97	-105
104	-105
105	-105
-106	-106
-104	-106
-98	-106
-96	-106
-74	-106
-72	-106
-66	-106
-64	-106
-42	-106
-40	-106
-34	-106
-32	-106
-10	-106
-8	-106
-2	-106
0	-106
2	-106
8	-106
10	-106
32	-106
34	-106
40	-106
42	-106
64	-106
66	-106
72	-106
74	-106
96	-106
98	-106
104	-106
106	-106
-107	-107
-106	-107
-105	-107
-104	-107
-99	-107
-98	-107
-97	-107
-96	-107
-75	-107
-74	-107
-73	-107
-72	-107
-67	-107
-66	-107
-65	-107
-64	-107
-43	-107
-42	-107
-41	-107
-40	-107
-35	-107
-34	-107
-33	-107
-32	-107
-11	-107
-10	-107
-9	-107
-8	-107
-3	-107
-2	-107
-1	-107
0	-107
1	-107
2	-107
3	-107
8	-107
9	-107
10	-107
11	-107
32	-107
33	-107
34	-107
35	-107
40	-107
41	-107
42	-107
43	-107
64	-107
65	-107
66	-107
67	-107
72	-107
73	-107
74	-107
75	-107
96	-107
97	-107
98	-107
99	-107
104	-107
105	-107
106	-107
107	-107
-108	-108
-104	-108
-100	-108
-96	-108
-76	-108
-72	-108
-68	-108
-64	-108
-44	-108
-40	-108
-36	-108
-32	-108
-12	-108
-8	-108
-4	-108
0	-108
4	-108
8	-108
12	-108
32	-108
36	-108
40	-108
44	-108
64	-108
68	-108
72	-108
76	-108
96	-108
100	-108
104	-108
108	-108
-109	-109
-108	-109
-105	-109
-104	-109
-101	-109
-100	-109
-97	-109
-96	-109
-77	-109
-76	-109
-73	-109
-72	-109
-69	-109
-68	-109
-65	-109
-64	-109
-45	-109
-44	-109
-41	-109
-40	-109
-37	-109
-36	-109
-33	-109
-32	-109
-13	-109
-12	-109
-9	-109
-8	-109
-5	-109
-4	-109
-1	-109
0	-109
1	-109
4	-109
5	-109
8	-109
9	-109
12	-109
13	-109
32	-109
33	-109
36	-109
37	-109
40	-109
41	-109
44	-109
45	-109
64	-109
65	-109
68	-109
69	-109
72	-109
73	-109
76	-109
77	-109
96	-109
97	-109
100	-109
101	-109
104	-109
105	-109
108	-109
109	-109
-110	-110
-108	-110
-106	-110
-104	-110
-102	-110
-100	-110
-98	-110
-96	-110
-78	-110
-76	-110
-74	-110
-72	-110
-70	-110
-68	-110
-66	-110
-64	-110
-46	-110
-44	-110
-42	-110
-40	-110
-38	-110
-36	-110
-34	-110
-32	-110
-14	-110
-12	-110
-10	-110
-8	-110
-6	-110
-4	-110
-2	-110
0	-110
2	-110
4	-110
6	-110
8	-110
10	-110
12	-110
14	-110
32	-110
34	-110
36	-110
38	-110
40	-110
42	-110
44	-110
46	-110
64	-110
66	-110
68	-110
70	-110
72	-110
74	-110
76	-110
78	-110
96	-110
98	-110
100	-110
102	-110
104	-110
106	-110
108	-110
110	-110
-111	-111
-110	-111
-109	-111
-108	-111
-107	-111
-106	-111
-105	-111
-104	-111
-103	-111
-102	-111
-101	-111
-100	-111
-99	-111
-98	-111
-97	-111
-96	-111
-79	-111
-78	-111
-77	-111
-76	-111
-75	-111
-74	-111
-73	-111
-72	-111
-71	-111
-70	-111
-69	-111
-68	-111
-67	-111
-66	-111
-65	-111
-64	-111
-47	-111
-46	-111
-45	-111
-44	-111
-43	-111
-42	-111
-41	-111
-40	-111
-39	-111
-38	-111
-37	-111
-36	-111
-35	-111
-34	-111
-33	-111
-32	-111
-15	-111
-14	-111
-13	-111
-12	-111
-11	-111
-10	-111
-9	-111
-8	-111
-7	-111
-6	-111
-5	-111
-4	-111
-3	-111
-2	-111
-1	-111
0	-111
1	-111
2	-111
3	-111
4	-111
5	-111
6	-111
7	-111
8	-111
9	-111
10	-111
11	-111
12	-111
13	-111
14	-111
15	-111
32	-111
33	-111
34	-111
35	-111
36	-111
37	-111
38	-111
39	-111
40	-111
41	-111
42	-111
43	-111
44	-111
45	-111
46	-111
47	-111
64	-111
65	-111
66	-111
67	-111
68	-111
69	-111
70	-111
71	-111
72	-111
73	-111
74	-111
75	-111
76	-111
77	-111
78	-111
79	-111
96	-111
97	-111
98	-111
99	-111
100	-111
101	-111
102	-111
103	-111
104	-111
105	-111
106	-111
107	-111
108	-111
109	-111
110	-111
111	-111
-112	-112
-96	-112
-80	-112
-64	-112
-48	-112
-32	-112
-16	-112
0	-112
16	-112
32	-112
48	-112
64	-112
80	-112
96	-112
112	-112
-113	-113
-112	-113
-97	-113
-96	-113
-81	-113
-80	-113
-65	-113
-64	-113
-49	-113
-48	-113
-33	-113
-32	-113
-17	-113
-16	-113
-1	-113
0	-113
1	-113
16	-113
17	-113
32	-113
33	-113
48	-113
49	-113
64	-113
65	-113
80	-113
81	-113
96	-113
97	-113
112	-113
113	-113
-114	-114
-112	-114
-98	-114
-96	-114
-82	-114
-80	-114
-66	-114
-64	-114
-50	-114
-48	-114
-34	-114
-32	-114
-18	-114
-16	-114
-2	-114
0	-114
2	-114
16	-114
18	-114
32	-114
34	-114
48	-114
50	-114
64	-114
66	-114
80	-114
82	-114
96	-114
98	-114
112	-114
114	-114
-115	-115
-114	-115
-113	-115
-112	-115
-99	-115
-98	-115
-97	-115
-96	-115
-83	-115
-82	-115
-81	-115
-80	-115
-67	-115
-66	-115
-65	-115
-64	-115
-51	-115
-50	-115
-49	-115
-48	-115
-35	-115
-34	-115
-33	-115
-32	-115
-19	-115
-18	-115
-17	-115
-16	-115
-3	-115
-2	-115
-1	-115
0	-115
1	-115
2	-115
3	-115
16	-115
17	-115
18	-115
19	-115
32	-115
33	-115
34	-115
35	-115
48	-115
49	-115
50	-115
51	-115
64	-115
65	-115
66	-115
67	-115
80	-115
81	-115
82	-115
83	-115
96	-115
97	-115
98	-115
99	-115
112	-115
113	-115
114	-115
115	-115
-116	-116
-112	-116
-100	-116
-96	-116
-84	-116
-80	-116
-68	-116
-64	-116
-52	-116
-48	-116
-36	-116
-32	-116
-20	-116
-16	-116
-4	-116
0	-116
4	-116
16	-116
20	-116
32	-116
36	-116
48	-116
52	-116
64	-116
68	-116
80	-116
84	-116
96	-116
100	-116
112	-116
116	-116
-117	-117
-116	-117
-113	-117
-112	-117
-101	-117
-100	-117
-97	-117
-96	-117
-85	-117
-84	-117
-81	-117
-80	-117
-69	-117
-68	-117
-65	-117
-64	-117
-53	-117
-52	-117
-49	-117
-48	-117
-37	-117
-36	-117
-33	-117
-32	-117
-21	-117
-20	-117
-17	-117
-16	-117
-5	-117
-4	-117
-1	-117
0	-117
1	-117
4	-117
5	-117
16	-117
17	-117
20	-117
21	-117
32	-117
33	-117
36	-117
37	-117
48	-117
49	-117
52	-117
53	-117
64	-117
65	-117
68	-117
69	-117
80	-117
81	-117
84	-117
85	-117
96	-117
97	-117
100	-117
101	-117
112	-117
113	-117
116	-117
117	-117
-118	-118
-116	-118
-114	-118
-112	-118
-102	-118
-100	-118
-98	-118
-96	-118
-86	-118
-84	-118
-82	-118
-80	-118
-70	-118
-68	-118
-66	-118
-64	-118
-54	-118
-52	-118
-50	-118
-48	-118
-38	-118
-36	-118
-34	-118
-32	-118
-22	-118
-20	-118
-18	-118
-16	-118
-6	-118
-4	-118
-2	-118
0	-118
2	-118
4	-118
6	-118
16	-118
18	-118
20	-118
22	-118
32	-118
34	-118
36	-118
38	-118
48	-118
50	-118
52	-118
54	-118
64	-118
66	-118
68	-118
70	-118
80	-118
82	-118
84	-118
86	-118
96	-118
98	-118
100	-118
102	-118
112	-118
114	-118
116	-118
118	-118
-119	-119
-118	-119
-117	-119
-116	-119
-115	-119
-114	-119
-113	-119
-112	-119
-103	-119
-102	-119
-101	-119
-100	-119
-99	-119
-98	-119
-97	-119
-96	-119
-87	-119
-86	-119
-85	-119
-84	-119
-83	-119
-82	-119
-81	-119
-80	-119
-71	-119
-70	-119
-69	-119
-68	-119
-67	-119
-66	-119
-65	-119
-64	-119
-55	-119
-54	-119
-53	-119
-52	-119
-51	-119
-50	-119
-49	-119
-48	-119
-39	-119
-38	-119
-37	-119
-36	-119
-35	-119
-34	-119
-33	-119
-32	-119
-23	-119
-22	-119
-21	-119
-20	-119
-19	-119
-18	-119
-17	-119
-16	-119
-7	-119
-6	-119
-5	-119
-4	-119
-3	-119
-2	-119
-1	-119
0	-119
1	-119
2	-119
3	-119
4	-119
5	-119
6	-119
7	-119
16	-119
17	-119
18	-119
19	-119
20	-119
21	-119
22	-119
23	-119
32	-119
33	-119
34	-119
35	-119
36	-119
37	-119
38	-119
39	-119
48	-119
49	-119
50	-119
51	-119
52	-119
53	-119
54	-119
55	-119
64	-119
65	-119
66	-119
67	-119
68	-119
69	-119
70	-119
71	-119
80	-119
81	-119
82	-119
83	-119
84	-119
85	-119
86	-119
87	-119
96	-119
97	-119
98	-119
99	-119
100	-119
101	-119
102	-119
103	-119
112	-119
113	-119
114	-119
115	-119
116	-119
117	-119
118	-119
119	-119
-120	-120
-112	-120
-104	-120
-96	-120
-88	-120
-80	-120
-72	-120
-64	-120
-56	-120
-48	-120
-40	-120
-32	-120
-24	-120
-16	-120
-8	-120
0	-120
8	-120
16	-120
24	-120
32	-120
40	-120
48	-120
56	-120
64	-120
72	-120
80	-120
88	-120
96	-120
104	-120
112	-120
120	-120
-121	-121
-120	-121
-113	-121
-112	-121
-105	-121
-104	-121
-97	-121
-96	-121
-89	-121
-88	-121
-81	-121
-80	-121
-73	-121
-72	-121
-65	-121
-64	-121
-57	-121
-56	-121
-49	-121
-48	-121
-41	-121
-40	-121
-33	-121
-32	-121
-25	-121
-24	-121
-17	-121
-16	-121
-9	-121
-8	-121
-1	-121
0	-121
1	-121
8	-121
9	-121
16	-121
17	-121
24	-121
25	-121
32	-121
33	-121
40	-121
41	-121
48	-121
49	-121
56	-121
57	-121
64	-121
65	-121
72	-121
73	-121
80	-121
81	-121
88	-121
89	-121
96	-121
97	-121
104	-121
105	-121
112	-121
113	-121
120	-121
121	-121
-122	-122
-120	-122
-114	-122
-112	-122
-106	-122
-104	-122
-98	-122
-96	-122
-90	-122
-88	-122
-82	-122
-80	-122
-74	-122
-72	-122
-66	-122
-64	-122
-58	-122
-56	-122
-50	-122
-48	-122
-42	-122
-40	-122
-34	-122
-32	-122
-26	-122
-24	-122
-18	-122
-16	-122
-10	-122
-8	-122
-2	-122
0	-122
2	-122
8	-122
10	-122
16	-122
18	-122
24	-122
26	-122
32	-122
34	-122
40	-122
42	-122
48	-122
50	-122
56	-122
58	-122
64	-122
66	-122
72	-122
74	-122
80	-122
82	-122
88	-122
90	-122
96	-122
98	-122
104	-122
106	-122
112	-122
114	-122
120	-122
122	-122
-123	-123
-122	-123
-121	-123
-120	-123
-115	-123
-114	-123
-113	-123
-112	-123
-107	-123
-106	-123
-105	-123
-104	-123
-99	-123
-98	-123
-97	-123
-96	-123
-91	-123
-90	-123
-89	-123
-88	-123
-83	-123
-82	-123
-81	-123
-80	-123
-75	-123
-74	-123
-73	-123
-72	-123
-67	-123
-66	-123
-65	-123
-64	-123
-59	-123
-58	-123
-57	-123
-56	-123
-51	-123
-50	-123
-49	-123
-48	-123
-43	-123
-42	-123
-41	-123
-40	-123
-35	-123
-34	-123
-33	-123
-32	-123
-27	-123
-26	-123
-25	-123
-24	-123
-19	-123
-18	-123
-17	-123
-16	-123
-11	-123
-10	-123
-9	-123
-8	-123
-3	-123
-2	-123
-1	-123
0	-123
1	-123
2	-123
3	-123
8	-123
9	-123
10	-123
11	-123
16	-123
17	-123
18	-123
19	-123
24	-123
25	-123
26	-123
27	-123
32	-123
33	-123
34	-123
35	-123
40	-123
41	-123
42	-123
43	-123
48	-123
49	-123
50	-123
51	-123
56	-123
57	-123
58	-123
59	-123
64	-123
65	-123
66	-123
67	-123
72	-123
73	-123
74	-123
75	-123
80	-123
81	-123
82	-123
83	-123
88	-123
89	-123
90	-123
91	-123
96	-123
97	-123
98	-123
99	-123
104	-123
105	-123
106	-123
107	-123
112	-123
113	-123
114	-123
115	-123
120	-123
121	-123
122	-123
123	-123
-124	-124
-120	-124
-116	-124
-112	-124
-108	-124
-104	-124
-100	-124
-96	-124
-92	-124
-88	-124
-84	-124
-80	-124
-76	-124
-72	-124
-68	-124
-64	-124
-60	-124
-56	-124
-52	-124
-48	-124
-44	-124
-40	-124
-36	-124
-32	-124
-28	-124
-24	-124
-20	-124
-16	-124
-12	-124
-8	-124
-4	-124
0	-124
4	-124
8	-124
12	-124
16	-124
20	-124
24	-124
28	-124
32	-124
36	-124
40	-124
44	-124
48	-124
52	-124
56	-124
60	-124
64	-124
68	-124
72	-124
76	-124
80	-124
84	-124
88	-124
92	-124
96	-124
100	-124
104	-124
108	-124
112	-124
116	-124
120	-124
124	-124
-125	-125
-124	-125
-121	-125
-120	-125
-117	-125
-116	-125
-113	-125
-112	-125
-109	-125
-108	-125
-105	-125
-104	-125
-101	-125
-100	-125
-97	-125
-96	-125
-93	-125
-92	-125
-89	-125
-88	-125
-85	-125
-84	-125
-81	-125
-80	-125
-77	-125
-76	-125
-73	-125
-72	-125
-69	-125
-68	-125
-65	-125
-64	-125
-61	-125
-60	-125
-57	-125
-56	-125
-53	-125
-52	-125
-49	-125
-48	-125
-45	-125
-44	-125
-41	-125
-40	-125
-37	-125
-36	-125
-33	-125
-32	-125
-29	-125
-28	-125
-25	-125
-24	-125
-21	-125
-20	-125
-17	-125
-16	-125
-13	-125
-12	-125
-9	-125
-8	-125
-5	-125
-4	-125
-1	-125
0	-125
1	-125
4	-125
5	-125
8	-125
9	-125
12	-125
13	-125
16	-125
17	-125
20	-125
21	-125
24	-125
25	-125
28	-125
29	-125
32	-125
33	-125
36	-125
37	-125
40	-125
41	-125
44	-125
45	-125
48	-125
49	-125
52	-125
53	-125
56	-125
57	-125
60	-125
61	-125
64	-125
65	-125
68	-125
69	-125
72	-125
73	-125
76	-125
77	-125
80	-125
81	-125
84	-125
85	-125
88	-125
89	-125
92	-125
93	-125
96	-125
97	-125
100	-125
101	-125
104	-125
105	-125
108	-125
109	-125
112	-125
113	-125
116	-125
117	-125
120	-125
121	-125
124	-125
125	-125
-126	-126
-124	-126
-122	-126
-120	-126
-118	-126
-116	-126
-114	-126
-112	-126
-110	-126
-108	-126
-106	-126
-104	-126
-102	-126
-100	-126
-98	-126
-96	-126
-94	-126
-92	-126
-90	-126
-88	-126
-86	-126
-84	-126
-82	-126
-80	-126
-78	-126
-76	-126
-74	-126
-72	-126
-70	-126
-68	-126
-66	-126
-64	-126
-62	-126
-60	-126
-58	-126
-56	-126
-54	-126
-52	-126
-50	-126
-48	-126
-46	-126
-44	-126
-42	-126
-40	-126
-38	-126
-36	-126
-34	-126
-32	-126
-30	-126
-28	-126
-26	-126
-24	-126
-22	-126
-20	-126
-18	-126
-16	-126
-14	-126
-12	-126
-10	-126
-8	-126
-6	-126
-4	-126
-2	-126
0	-126
2	-126
4	-126
6	-126
8	-126
10	-126
12	-126
14	-126
16	-126
18	-126
20	-126
22	-126
24	-126
26	-126
28	-126
30	-126
32	-126
34	-126
36	-126
38	-126
40	-126
42	-126
44	-126
46	-126
48	-126
50	-126
52	-126
54	-126
56	-126
58	-126
60	-126
62	-126
64	-126
66	-126
68	-126
70	-126
72	-126
74	-126
76	-126
78	-126
80	-126
82	-126
84	-126
86	-126
88	-126
90	-126
92	-126
94	-126
96	-126
98	-126
100	-126
102	-126
104	-126
106	-126
108	-126
110	-126
112	-126
114	-126
116	-126
118	-126
120	-126
122	-126
124	-126
126	-126
-127	-127
-126	-127
-125	-127
-124	-127
-123	-127
-122	-127
-121	-127
-120	-127
-119	-127
-118	-127
-117	-127
-116	-127
-115	-127
-114	-127
-113	-127
-112	-127
-111	-127
-110	-127
-109	-127
-108	-127
-107	-127
-106	-127
-105	-127
-104	-127
-103	-127
-102	-127
-101	-127
-100	-127
-99	-127
-98	-127
-97	-127
-96	-127
-95	-127
-94	-127
-93	-127
-92	-127
-91	-127
-90	-127
-89	-127
-88	-127
-87	-127
-86	-127
-85	-127
-84	-127
-83	-127
-82	-127
-81	-127
-80	-127
-79	-127
-78	-127
-77	-127
-76	-127
-75	-127
-74	-127
-73	-127
-72	-127
-71	-127
-70	-127
-69	-127
-68	-127
-67	-127
-66	-127
-65	-127
-64	-127
-63	-127
-62	-127
-61	-127
-60	-127
-59	-127
-58	-127
-57	-127
-56	-127
-55	-127
-54	-127
-53	-127
-52	-127
-51	-127
-50	-127
-49	-127
-48	-127
-47	-127
-46	-127
-45	-127
-44	-127
-43	-127
-42	-127
-41	-127
-40	-127
-39	-127
-38	-127
-37	-127
-36	-127
-35	-127
-34	-127
-33	-127
-32	-127
-31	-127
-30	-127
-29	-127
-28	-127
-27	-127
-26	-127
-25	-127
-24	-127
-23	-127
-22	-127
-21	-127
-20	-127
-19	-127
-18	-127
-17	-127
-16	-127
-15	-127
-14	-127
-13	-127
-12	-127
-11	-127
-10	-127
-9	-127
-8	-127
-7	-127
-6	-127
-5	-127
-4	-127
-3	-127
-2	-127
-1	-127
0	-127
1	-127
2	-127
3	-127
4	-127
5	-127
6	-127
7	-127
8	-127
9	-127
10	-127
11	-127
12	-127
13	-127
14	-127
15	-127
16	-127
17	-127
18	-127
19	-127
20	-127
21	-127
22	-127
23	-127
24	-127
25	-127
26	-127
27	-127
28	-127
29	-127
30	-127
31	-127
32	-127
33	-127
34	-127
35	-127
36	-127
37	-127
38	-127
39	-127
40	-127
41	-127
42	-127
43	-127
44	-127
45	-127
46	-127
47	-127
48	-127
49	-127
50	-127
51	-127
52	-127
53	-127
54	-127
55	-127
56	-127
57	-127
58	-127
59	-127
60	-127
61	-127
62	-127
63	-127
64	-127
65	-127
66	-127
67	-127
68	-127
69	-127
70	-127
71	-127
72	-127
73	-127
74	-127
75	-127
76	-127
77	-127
78	-127
79	-127
80	-127
81	-127
82	-127
83	-127
84	-127
85	-127
86	-127
87	-127
88	-127
89	-127
90	-127
91	-127
92	-127
93	-127
94	-127
95	-127
96	-127
97	-127
98	-127
99	-127
100	-127
101	-127
102	-127
103	-127
104	-127
105	-127
106	-127
107	-127
108	-127
109	-127
110	-127
111	-127
112	-127
113	-127
114	-127
115	-127
116	-127
117	-127
118	-127
119	-127
120	-127
121	-127
122	-127
123	-127
124	-127
125	-127
126	-127
127	-127
